Depth	TVD	ROP	Gas	C1(PPM)	C2	C3	iC4	nC4	C5
464	463.99	23.93	2	198	0	0	0	0	0
465	464.99	58.58	2	198	0	0	0	0	0
466	465.99	37.08	2	198	0	0	0	0	0
467	466.99	70.45	2	198	0	0	0	0	0
468	467.99	40.07	2	198	0	0	0	0	0
469	468.99	42.68	3	297	0	0	0	0	0
470	469.99	30.94	3	297	0	0	0	0	0
471	470.99	11.71	3	297	0	0	0	0	0
472	471.99	14.99	2	198	0	0	0	0	0
473	472.99	12.56	2	198	0	0	0	0	0
474	473.99	14.78	2	198	0	0	0	0	0
475	474.99	32.88	3	297	0	0	0	0	0
476	475.99	28.54	3	297	0	0	0	0	0
477	476.99	28.02	3	297	0	0	0	0	0
478	477.99	25.54	5	495	0	0	0	0	0
479	478.99	25.62	4	396	0	0	0	0	0
480	479.99	24.62	3	297	0	0	0	0	0
481	480.99	24.19	3	297	0	0	0	0	0
482	481.99	23.56	2	198	0	0	0	0	0
483	482.99	23.06	3	297	0	0	0	0	0
484	483.99	22.71	4	396	0	0	0	0	0
485	484.99	22.32	5	495	0	0	0	0	0
486	485.99	16.93	7	693	0	0	0	0	0
487	486.99	15.52	6	594	0	0	0	0	0
488	487.99	12.62	6	594	0	0	0	0	0
489	488.99	17.44	6	594	0	0	0	0	0
490	489.99	18.36	6	594	0	0	0	0	0
491	490.99	14.22	6	594	0	0	0	0	0
492	491.99	88.27	7	693	0	0	0	0	0
493	492.99	45.94	8	792	0	0	0	0	0
494	493.99	49.52	8	792	0	0	0	0	0
495	494.99	96.31	8	792	0	0	0	0	0
496	495.99	141.55	8	792	0	0	0	0	0
497	496.99	42.3	9	891	0	0	0	0	0
498	497.99	31.15	6	594	0	0	0	0	0
499	498.99	32.58	9	891	0	0	0	0	0
500	499.99	23.7	9	891	0	0	0	0	0
501	500.99	26.31	8	792	0	0	0	0	0
502	501.99	32.64	7	693	0	0	0	0	0
503	502.99	24.24	8	792	0	0	0	0	0
504	503.99	23.49	9	891	0	0	0	0	0
505	504.99	24.98	9	891	0	0	0	0	0
506	505.99	27.16	8	792	0	0	0	0	0
507	506.99	26.17	7	693	0	0	0	0	0
508	507.99	25.12	6	594	0	0	0	0	0
509	508.99	24.57	5	495	0	0	0	0	0
510	509.99	24.51	4	396	0	0	0	0	0
511	510.99	23.18	3	297	0	0	0	0	0
512	511.99	21.02	3	297	0	0	0	0	0
513	512.99	20.67	3	297	0	0	0	0	0
514	513.99	20.72	3	297	0	0	0	0	0
515	514.99	20.17	2	198	0	0	0	0	0
516	515.99	18.73	2	198	0	0	0	0	0
517	516.99	22.9	2	198	0	0	0	0	0
518	517.99	23.76	2	198	0	0	0	0	0
519	518.99	17.87	2	198	0	0	0	0	0
520	519.99	19.94	4	396	0	0	0	0	0
521	520.99	67.82	5	495	0	0	0	0	0
522	521.99	65.53	3	297	0	0	0	0	0
523	522.99	45.42	3	297	0	0	0	0	0
524	523.99	19.33	5	495	0	0	0	0	0
525	524.99	19.1	2	198	0	0	0	0	0
526	525.99	73.83	3	297	0	0	0	0	0
527	526.99	23.31	2	198	0	0	0	0	0
528	527.99	29.1	3	297	0	0	0	0	0
529	528.99	27.95	2	198	0	0	0	0	0
530	529.99	28.29	2	198	0	0	0	0	0
531	530.99	24.09	3	297	0	0	0	0	0
532	531.99	20.04	2	198	0	0	0	0	0
533	532.99	24.61	3	297	0	0	0	0	0
534	533.99	30.63	2	198	0	0	0	0	0
535	534.99	24.11	3	297	0	0	0	0	0
536	535.99	18.94	2	198	0	0	0	0	0
537	536.99	12.68	3	297	0	0	0	0	0
538	537.99	14.73	3	297	0	0	0	0	0
539	538.99	21.98	2	198	0	0	0	0	0
540	539.99	24.5	4	396	0	0	0	0	0
541	540.99	22.77	4	396	0	0	0	0	0
542	541.99	22.33	4	396	0	0	0	0	0
543	542.99	19.5	4	396	0	0	0	0	0
544	543.99	23.37	3	297	0	0	0	0	0
545	544.99	23.09	3	297	0	0	0	0	0
546	545.99	17.37	2	198	0	0	0	0	0
547	546.99	18.15	2	198	0	0	0	0	0
548	547.99	20.57	2	198	0	0	0	0	0
549	548.99	20.06	2	198	0	0	0	0	0
550	549.99	47.16	2	198	0	0	0	0	0
551	550.99	11.8	2	198	0	0	0	0	0
552	551.99	8.28	2	198	0	0	0	0	0
553	552.99	86.87	2	198	0	0	0	0	0
554	553.99	31.62	2	198	0	0	0	0	0
555	554.99	12.14	2	198	0	0	0	0	0
556	555.99	31.43	2	198	0	0	0	0	0
557	556.99	17.63	3	297	0	0	0	0	0
558	557.99	25.07	3	297	0	0	0	0	0
559	558.99	19.54	3	297	0	0	0	0	0
560	559.99	9.86	3	297	0	0	0	0	0
561	560.99	11.52	3	297	0	0	0	0	0
562	561.99	12.82	3	297	0	0	0	0	0
563	562.99	20.33	2	198	0	0	0	0	0
564	563.99	20.4	3	297	0	0	0	0	0
565	564.99	21.57	4	396	0	0	0	0	0
566	565.99	28.46	4	396	0	0	0	0	0
567	566.99	24.38	4	396	0	0	0	0	0
568	567.99	22.96	3	297	0	0	0	0	0
569	568.99	15.76	3	297	0	0	0	0	0
570	569.99	20.86	2	198	0	0	0	0	0
571	570.99	20.1	2	198	0	0	0	0	0
572	571.99	17.63	2	198	0	0	0	0	0
573	572.99	17.18	2	198	0	0	0	0	0
574	573.99	18.07	3	297	0	0	0	0	0
575	574.99	26.79	3	297	0	0	0	0	0
576	575.99	24.14	3	297	0	0	0	0	0
577	576.99	22.03	3	297	0	0	0	0	0
578	577.99	35.11	2	198	0	0	0	0	0
579	578.99	30.03	2	198	0	0	0	0	0
580	579.99	15.29	4	396	0	0	0	0	0
581	580.99	29.55	4	396	0	0	0	0	0
582	581.99	25.83	4	396	0	0	0	0	0
583	582.99	24.06	4	396	0	0	0	0	0
584	583.99	18.26	3	297	0	0	0	0	0
585	584.99	18.66	3	297	0	0	0	0	0
586	585.99	22.44	3	297	0	0	0	0	0
587	586.99	25.81	3	297	0	0	0	0	0
588	587.99	18.89	3	297	0	0	0	0	0
589	588.99	19.16	3	297	0	0	0	0	0
590	589.99	23.68	3	297	0	0	0	0	0
591	590.99	14.17	2	198	0	0	0	0	0
592	591.99	13.12	2	198	0	0	0	0	0
593	592.99	21.89	2	198	0	0	0	0	0
594	593.99	15.82	2	198	0	0	0	0	0
595	594.99	17.75	2	198	0	0	0	0	0
596	595.99	18.05	2	198	0	0	0	0	0
597	596.99	20.38	3	297	0	0	0	0	0
598	597.99	20.26	2	198	0	0	0	0	0
599	598.99	23.04	2	198	0	0	0	0	0
600	599.99	22.04	2	198	0	0	0	0	0
601	600.99	25.5	3	297	0	0	0	0	0
602	601.99	28.93	3	297	0	0	0	0	0
603	602.99	30.75	4	396	0	0	0	0	0
604	603.99	24.01	4	396	0	0	0	0	0
605	604.99	22.86	4	396	0	0	0	0	0
606	605.99	30.24	4	396	0	0	0	0	0
607	606.99	30.19	4	396	0	0	0	0	0
608	607.99	56.28	4	396	0	0	0	0	0
609	608.99	20.24	4	396	0	0	0	0	0
610	609.99	21.23	4	396	0	0	0	0	0
611	610.99	25.83	2	198	0	0	0	0	0
612	611.99	28.18	2	198	0	0	0	0	0
613	612.99	30.37	2	198	0	0	0	0	0
614	613.99	27.83	2	198	0	0	0	0	0
615	614.99	28.16	2	198	0	0	0	0	0
616	615.99	21.78	2	198	0	0	0	0	0
617	616.99	22.06	2	198	0	0	0	0	0
618	617.99	23.78	3	297	0	0	0	0	0
619	618.99	23.71	3	297	0	0	0	0	0
620	619.99	25.46	4	396	0	0	0	0	0
621	620.99	56.57	4	396	0	0	0	0	0
622	621.99	26.44	3	297	0	0	0	0	0
623	622.99	21.39	3	297	0	0	0	0	0
624	623.99	23	3	297	0	0	0	0	0
625	624.99	23.14	4	396	0	0	0	0	0
626	625.99	24.62	2	198	0	0	0	0	0
627	626.99	21.41	3	297	0	0	0	0	0
628	627.99	22.4	3	297	0	0	0	0	0
629	628.99	22.15	4	396	0	0	0	0	0
630	629.99	22.15	5	495	0	0	0	0	0
631	630.99	25.33	6	594	0	0	0	0	0
632	631.99	20.29	8	792	0	0	0	0	0
633	632.99	20.66	9	891	0	0	0	0	0
634	633.99	17.27	10	990	0	0	0	0	0
635	634.99	28.54	15	1485	0	0	0	0	0
636	635.99	25.52	15	1485	0	0	0	0	0
637	636.99	23.96	16	1584	0	0	0	0	0
638	637.99	22.16	17	1683	0	0	0	0	0
639	638.99	34.09	19	1881	0	0	0	0	0
640	639.99	14.71	19	1881	0	0	0	0	0
641	640.99	21.89	19	1881	0	0	0	0	0
642	641.99	18.87	15	1485	0	0	0	0	0
643	642.99	17.67	14	1386	0	0	0	0	0
644	643.99	15.57	12	1188	0	0	0	0	0
645	644.99	28.77	10	990	0	0	0	0	0
646	645.99	23.97	9	891	0	0	0	0	0
647	646.99	23.43	8	792	0	0	0	0	0
648	647.99	22.83	8	792	0	0	0	0	0
649	648.99	19.83	8	792	0	0	0	0	0
650	649.99	20.1	7	693	0	0	0	0	0
651	650.99	21.92	6	594	0	0	0	0	0
652	651.99	20.47	6	594	0	0	0	0	0
653	652.99	21.44	6	594	0	0	0	0	0
654	653.99	22.69	6	594	0	0	0	0	0
655	654.99	23.78	6	594	0	0	0	0	0
656	655.99	22.53	6	594	0	0	0	0	0
657	656.99	21.63	4	396	0	0	0	0	0
658	657.99	21.92	4	396	0	0	0	0	0
659	658.99	24.59	4	396	0	0	0	0	0
660	659.99	29.97	4	396	0	0	0	0	0
661	660.99	27.07	4	396	0	0	0	0	0
662	661.99	19.31	3	297	0	0	0	0	0
663	662.99	12.03	3	297	0	0	0	0	0
664	663.99	12.36	3	297	0	0	0	0	0
665	664.99	23.69	3	297	0	0	0	0	0
666	665.99	23.6	3	297	0	0	0	0	0
667	666.99	23.6	3	297	0	0	0	0	0
668	667.99	52.75	3	297	0	0	0	0	0
669	668.99	62.67	4	396	0	0	0	0	0
670	669.99	14.53	4	396	0	0	0	0	0
671	670.99	8.86	4	396	0	0	0	0	0
672	671.99	10.36	4	396	0	0	0	0	0
673	672.99	15.27	4	396	0	0	0	0	0
674	673.99	11.42	4	396	0	0	0	0	0
675	674.99	12.68	4	396	0	0	0	0	0
676	675.99	60.74	3	297	0	0	0	0	0
677	676.99	55.87	3	297	0	0	0	0	0
678	677.99	14.75	3	297	0	0	0	0	0
679	678.99	22.69	3	297	0	0	0	0	0
680	679.99	60.53	3	297	0	0	0	0	0
681	680.99	62.22	3	297	0	0	0	0	0
682	681.99	48.84	3	297	0	0	0	0	0
683	682.99	48.84	3	297	0	0	0	0	0
684	683.99	45.61	3	297	0	0	0	0	0
685	684.99	18.72	3	297	0	0	0	0	0
686	685.99	16.04	3	297	0	0	0	0	0
687	686.99	17.82	3	297	0	0	0	0	0
688	687.99	19.39	2	198	0	0	0	0	0
689	688.99	14.18	2	198	0	0	0	0	0
690	689.99	15.37	3	297	0	0	0	0	0
691	690.99	20.7	2	198	0	0	0	0	0
692	691.99	18.54	2	198	0	0	0	0	0
693	692.99	17.21	2	198	0	0	0	0	0
694	693.99	12.84	2	198	0	0	0	0	0
695	694.99	12.46	2	198	0	0	0	0	0
696	695.99	16.51	3	297	0	0	0	0	0
697	696.99	18.44	2	198	0	0	0	0	0
698	697.99	21.85	2	198	0	0	0	0	0
699	698.99	23.42	3	297	0	0	0	0	0
700	699.99	23.83	3	297	0	0	0	0	0
701	700.99	21.86	3	297	0	0	0	0	0
702	701.99	20.04	4	396	0	0	0	0	0
703	702.99	10.56	4	396	0	0	0	0	0
704	703.99	12.03	3	297	0	0	0	0	0
705	704.99	21.43	2	198	0	0	0	0	0
706	705.99	19.53	2	198	0	0	0	0	0
707	706.99	18.37	3	297	0	0	0	0	0
708	707.99	19.17	3	297	0	0	0	0	0
709	708.99	15.32	3	297	0	0	0	0	0
710	709.99	19.4	3	297	0	0	0	0	0
711	710.99	15.2	4	396	0	0	0	0	0
712	711.99	12.3	4	396	0	0	0	0	0
713	712.99	13.99	3	297	0	0	0	0	0
714	713.99	16.43	4	396	0	0	0	0	0
715	714.99	16.27	3	297	0	0	0	0	0
716	715.99	24.56	2	198	0	0	0	0	0
717	716.99	22.04	2	198	0	0	0	0	0
718	717.99	24.53	2	198	0	0	0	0	0
719	718.99	21.29	2	198	0	0	0	0	0
720	719.99	23.3	2	198	0	0	0	0	0
721	720.99	21.02	3	297	0	0	0	0	0
722	721.99	22.3	3	297	0	0	0	0	0
723	722.99	19.91	3	297	0	0	0	0	0
724	723.99	36.79	3	297	0	0	0	0	0
725	724.99	16.87	2	198	0	0	0	0	0
726	725.99	16.93	2	198	0	0	0	0	0
727	726.99	23.71	4	396	0	0	0	0	0
728	727.99	22.46	2	198	0	0	0	0	0
729	728.99	23.11	5	495	0	0	0	0	0
730	729.99	23.82	2	198	0	0	0	0	0
731	730.99	23.66	2	198	0	0	0	0	0
732	731.99	23.3	2	198	0	0	0	0	0
733	732.99	23.06	2	198	0	0	0	0	0
734	733.99	22.81	3	297	0	0	0	0	0
735	734.99	21.52	3	297	0	0	0	0	0
736	735.99	22.88	3	297	0	0	0	0	0
737	736.99	21.55	4	396	0	0	0	0	0
738	737.99	19.44	4	396	0	0	0	0	0
739	738.99	20.63	4	396	0	0	0	0	0
740	739.99	22.01	5	495	0	0	0	0	0
741	740.99	24.28	5	495	0	0	0	0	0
742	741.99	21.73	3	297	0	0	0	0	0
743	742.99	20.54	3	297	0	0	0	0	0
744	743.99	21.54	5	495	0	0	0	0	0
745	744.99	20.69	5	495	0	0	0	0	0
746	745.99	19.72	5	495	0	0	0	0	0
747	746.99	19.96	5	495	0	0	0	0	0
748	747.99	21.6	5	495	0	0	0	0	0
749	748.99	20.34	5	495	0	0	0	0	0
750	749.99	18.97	4	396	0	0	0	0	0
751	750.99	8.32	3	297	0	0	0	0	0
752	751.99	31.27	3	297	0	0	0	0	0
753	752.99	49.57	2	198	0	0	0	0	0
754	753.99	32.47	2	198	0	0	0	0	0
755	754.99	16.32	2	198	0	0	0	0	0
756	755.99	10.24	3	297	0	0	0	0	0
757	756.99	11.04	3	297	0	0	0	0	0
758	757.99	13.95	3	297	0	0	0	0	0
759	758.99	16.49	3	297	0	0	0	0	0
760	759.99	2.35	3	297	0	0	0	0	0
761	760.99	9.91	2	198	0	0	0	0	0
762	761.99	11.56	3	297	0	0	0	0	0
763	762.99	35.31	3	297	0	0	0	0	0
764	763.99	39.89	3	297	0	0	0	0	0
765	764.99	21.73	3	297	0	0	0	0	0
766	765.99	38.51	3	297	0	0	0	0	0
767	766.99	9.63	3	297	0	0	0	0	0
768	767.99	17.46	2	198	0	0	0	0	0
769	768.99	19	2	198	0	0	0	0	0
770	769.99	18	3	297	0	0	0	0	0
771	770.99	16	3	297	0	0	0	0	0
772	771.99	14	2	198	0	0	0	0	0
773	772.99	13	3	297	0	0	0	0	0
774	773.99	15	2	198	0	0	0	0	0
775	774.99	17	2	198	0	0	0	0	0
776	775.99	16	3	297	0	0	0	0	0
777	776.99	16.08	2	198	0	0	0	0	0
778	777.99	15	2	198	0	0	0	0	0
779	778.99	9.5	3	297	0	0	0	0	0
780	779.99	6.69	2	198	0	0	0	0	0
781	780.99	9.27	2	198	0	0	0	0	0
782	781.99	14.53	2	198	0	0	0	0	0
783	782.99	6.04	2	198	0	0	0	0	0
784	783.99	9.85	2	198	0	0	0	0	0
785	784.99	16.15	2	198	0	0	0	0	0
786	785.99	14.6	3	297	0	0	0	0	0
787	786.99	12.68	3	297	0	0	0	0	0
788	787.99	6.85	3	297	0	0	0	0	0
789	788.99	9.56	3	297	0	0	0	0	0
790	789.99	12.26	3	297	0	0	0	0	0
791	790.99	10.07	4	396	0	0	0	0	0
792	791.99	8.94	4	396	0	0	0	0	0
793	792.99	15.36	4	396	0	0	0	0	0
794	793.99	11.11	4	396	0	0	0	0	0
795	794.99	3.58	4	396	0	0	0	0	0
796	795.99	12.63	4	396	0	0	0	0	0
797	796.99	9.89	4	396	0	0	0	0	0
798	797.99	11.25	7	693	0	0	0	0	0
799	798.99	14.52	4	396	0	0	0	0	0
800	799.99	21.43	2	198	0	0	0	0	0
801	800.99	58.01	2	198	0	0	0	0	0
802	801.99	143.96	2	198	0	0	0	0	0
803	802.99	58.2	2	198	0	0	0	0	0
804	803.99	21.35	4	396	0	0	0	0	0
805	804.99	11.66	4	396	0	0	0	0	0
806	805.99	10.31	4	396	0	0	0	0	0
807	806.99	9.95	4	396	0	0	0	0	0
808	807.99	17.22	4	396	0	0	0	0	0
809	808.99	16.9	4	396	0	0	0	0	0
810	809.99	11.72	3	297	0	0	0	0	0
811	810.99	14.44	4	396	0	0	0	0	0
812	811.99	12.63	3	297	0	0	0	0	0
813	812.99	73.04	3	297	0	0	0	0	0
814	813.99	59.29	3	297	0	0	0	0	0
815	814.99	18.59	4	396	0	0	0	0	0
816	815.99	20.65	4	396	0	0	0	0	0
817	816.99	20.94	4	396	0	0	0	0	0
818	817.99	20.56	4	396	0	0	0	0	0
819	818.99	20.75	4	396	0	0	0	0	0
820	819.99	18.04	4	396	0	0	0	0	0
821	820.99	18	4	396	0	0	0	0	0
822	821.99	21.75	4	396	0	0	0	0	0
823	822.99	21.97	4	396	0	0	0	0	0
824	823.99	22.09	4	396	0	0	0	0	0
825	824.99	22.71	4	396	0	0	0	0	0
826	825.99	17.4	4	396	0	0	0	0	0
827	826.99	17.83	3	297	0	0	0	0	0
828	827.99	19.94	3	297	0	0	0	0	0
829	828.99	21.17	3	297	0	0	0	0	0
830	829.99	20.55	3	297	0	0	0	0	0
831	830.99	20.68	3	297	0	0	0	0	0
832	831.99	19.63	3	297	0	0	0	0	0
833	832.99	20.19	3	297	0	0	0	0	0
834	833.99	21	4	396	0	0	0	0	0
835	834.99	19.3	6	594	0	0	0	0	0
836	835.99	23.08	6	594	0	0	0	0	0
837	836.99	19.44	6	594	0	0	0	0	0
838	837.99	23.6	6	594	0	0	0	0	0
839	838.99	24.64	6	594	0	0	0	0	0
840	839.99	23.15	5	495	0	0	0	0	0
841	840.99	20.81	4	396	0	0	0	0	0
842	841.99	21.12	3	297	0	0	0	0	0
843	842.99	22.23	3	297	0	0	0	0	0
844	843.99	23.96	3	297	0	0	0	0	0
845	844.99	22.47	3	297	0	0	0	0	0
846	845.99	23.14	2	198	0	0	0	0	0
847	846.99	21.96	2	198	0	0	0	0	0
848	847.99	15.2	2	198	0	0	0	0	0
849	848.99	20.61	3	297	0	0	0	0	0
850	849.99	22.65	2	198	0	0	0	0	0
851	850.99	22.25	2	198	0	0	0	0	0
852	851.99	30.2	2	198	0	0	0	0	0
853	852.99	28.71	2	198	0	0	0	0	0
854	853.99	23.73	3	297	0	0	0	0	0
855	854.99	26.15	3	297	0	0	0	0	0
856	855.99	24.93	3	297	0	0	0	0	0
857	856.99	22.38	4	396	0	0	0	0	0
858	857.99	19.24	4	396	0	0	0	0	0
859	858.99	26.2	4	396	0	0	0	0	0
860	859.99	25.76	4	396	0	0	0	0	0
861	860.99	22	4	396	0	0	0	0	0
862	861.99	22.74	4	396	0	0	0	0	0
863	862.99	23.61	5	495	0	0	0	0	0
864	863.99	23.33	5	495	0	0	0	0	0
865	864.99	16.26	5	495	0	0	0	0	0
866	865.99	21.62	5	495	0	0	0	0	0
867	866.99	28.29	5	495	0	0	0	0	0
868	867.99	23.72	5	495	0	0	0	0	0
869	868.99	20.5	5	495	0	0	0	0	0
870	869.99	21.37	5	495	0	0	0	0	0
871	870.99	21.55	4	396	0	0	0	0	0
872	871.99	35.48	4	396	0	0	0	0	0
873	872.99	22.46	4	396	0	0	0	0	0
874	873.99	20.01	4	396	0	0	0	0	0
875	874.99	35.39	4	396	0	0	0	0	0
876	875.99	22.42	4	396	0	0	0	0	0
877	876.99	21.68	4	396	0	0	0	0	0
878	877.99	27.55	4	396	0	0	0	0	0
879	878.99	22.93	4	396	0	0	0	0	0
880	879.99	26.92	4	396	0	0	0	0	0
881	880.99	22.89	4	396	0	0	0	0	0
882	881.99	22.13	4	396	0	0	0	0	0
883	882.99	20.27	3	297	0	0	0	0	0
884	883.99	20.8	3	297	0	0	0	0	0
885	884.99	20.44	3	297	0	0	0	0	0
886	885.99	28.72	3	297	0	0	0	0	0
887	886.99	27.55	3	297	0	0	0	0	0
888	887.99	25.09	3	297	0	0	0	0	0
889	888.99	22.15	3	297	0	0	0	0	0
890	889.99	23.52	3	297	0	0	0	0	0
891	890.99	28.46	3	297	0	0	0	0	0
892	891.99	22.78	3	297	0	0	0	0	0
893	892.99	17.94	3	297	0	0	0	0	0
894	893.99	147.53	2	198	0	0	0	0	0
895	894.99	20.59	2	198	0	0	0	0	0
896	895.99	22.29	2	198	0	0	0	0	0
897	896.99	27.74	2	198	0	0	0	0	0
898	897.99	26.26	2	198	0	0	0	0	0
899	898.99	26	2	198	0	0	0	0	0
900	899.99	26.56	2	198	0	0	0	0	0
901	900.99	27.55	2	198	0	0	0	0	0
902	901.99	25.19	2	198	0	0	0	0	0
903	902.99	26.11	2	198	0	0	0	0	0
904	903.99	35.22	2	198	0	0	0	0	0
905	904.99	30.77	2	198	0	0	0	0	0
906	905.99	32.16	2	198	0	0	0	0	0
907	906.99	30.98	2	198	0	0	0	0	0
908	907.99	34.17	2	198	0	0	0	0	0
909	908.99	26.25	2	198	0	0	0	0	0
910	909.99	24.4	2	198	0	0	0	0	0
911	910.99	29.14	2	198	0	0	0	0	0
912	911.99	36.35	2	198	0	0	0	0	0
913	912.99	35.22	2	198	0	0	0	0	0
914	913.99	41.7	2	198	0	0	0	0	0
915	914.99	39.83	2	198	0	0	0	0	0
916	915.99	35.64	2	198	0	0	0	0	0
917	916.99	40.96	2	198	0	0	0	0	0
918	917.99	50.66	2	198	0	0	0	0	0
919	918.99	38.89	2	198	0	0	0	0	0
920	919.99	22.16	2	198	0	0	0	0	0
921	920.99	36.85	2	198	0	0	0	0	0
922	921.99	23.25	2	198	0	0	0	0	0
923	922.99	17.76	2	198	0	0	0	0	0
924	923.99	17.08	2	198	0	0	0	0	0
925	924.99	3.73	2	198	0	0	0	0	0
926	925.99	22	2	198	0	0	0	0	0
927	926.99	22.98	2	198	0	0	0	0	0
928	927.99	18.28	2	198	0	0	0	0	0
929	928.99	12.09	2	198	0	0	0	0	0
930	929.99	0	2	198	0	0	0	0	0
931	930.99	12.09	2	198	0	0	0	0	0
932	931.99	12.09	2	198	0	0	0	0	0
933	932.99	2.23	2	198	0	0	0	0	0
934	933.99	25.31	2	198	0	0	0	0	0
935	934.99	24.55	2	198	0	0	0	0	0
936	935.99	23.18	2	198	0	0	0	0	0
937	936.99	23.79	2	198	0	0	0	0	0
938	937.99	21.83	2	198	0	0	0	0	0
939	938.99	22.76	2	198	0	0	0	0	0
940	939.99	23.42	2	198	0	0	0	0	0
941	940.99	24.43	2	198	0	0	0	0	0
942	941.99	24.68	3	297	0	0	0	0	0
943	942.99	24.73	3	297	0	0	0	0	0
944	943.99	25.7	3	297	0	0	0	0	0
945	944.99	84.27	3	297	0	0	0	0	0
946	945.99	206.25	3	297	0	0	0	0	0
947	946.99	86.37	3	297	0	0	0	0	0
948	947.99	7.48	3	297	0	0	0	0	0
949	948.99	27.02	3	297	0	0	0	0	0
950	949.99	24.96	3	297	0	0	0	0	0
951	950.99	22.73	2	198	0	0	0	0	0
952	951.99	22.21	2	198	0	0	0	0	0
953	952.99	62.2	2	198	0	0	0	0	0
954	953.99	40.42	2	198	0	0	0	0	0
955	954.99	22.65	2	198	0	0	0	0	0
956	955.99	25.86	2	198	0	0	0	0	0
957	956.99	25.67	2	198	0	0	0	0	0
958	957.99	24.8	2	198	0	0	0	0	0
959	958.99	24.77	2	198	0	0	0	0	0
960	959.99	26.69	2	198	0	0	0	0	0
961	960.99	24.79	2	198	0	0	0	0	0
962	961.99	17.18	2	198	0	0	0	0	0
963	962.99	21.18	2	198	0	0	0	0	0
964	963.99	22.94	2	198	0	0	0	0	0
965	964.99	25.27	2	198	0	0	0	0	0
966	965.99	20.26	2	198	0	0	0	0	0
967	966.99	21.14	2	198	0	0	0	0	0
968	967.99	21.22	2	198	0	0	0	0	0
969	968.99	25.48	2	198	0	0	0	0	0
970	969.99	19.86	2	198	0	0	0	0	0
971	970.99	26.11	2	198	0	0	0	0	0
972	971.99	25.28	2	198	0	0	0	0	0
973	972.99	22.44	2	198	0	0	0	0	0
974	973.99	26.24	2	198	0	0	0	0	0
975	974.99	26.14	2	198	0	0	0	0	0
976	975.99	25.26	2	198	0	0	0	0	0
977	976.99	25.28	2	198	0	0	0	0	0
978	977.99	25.03	2	198	0	0	0	0	0
979	978.99	25.14	2	198	0	0	0	0	0
980	979.99	19.91	2	198	0	0	0	0	0
981	980.99	38.78	2	198	0	0	0	0	0
982	981.99	25.66	2	198	0	0	0	0	0
983	982.99	22.67	2	198	0	0	0	0	0
984	983.99	25.56	3	297	0	0	0	0	0
985	984.99	22.22	3	297	0	0	0	0	0
986	985.99	22.07	3	297	0	0	0	0	0
987	986.99	22.03	3	297	0	0	0	0	0
988	987.99	24.87	3	297	0	0	0	0	0
989	988.99	26.61	3	297	0	0	0	0	0
990	989.99	25.46	3	297	0	0	0	0	0
991	990.99	23.84	3	297	0	0	0	0	0
992	991.99	26.74	4	396	0	0	0	0	0
993	992.99	22.11	5	495	0	0	0	0	0
994	993.99	20.71	5	495	0	0	0	0	0
995	994.99	20.55	5	495	0	0	0	0	0
996	995.99	18.37	5	495	0	0	0	0	0
997	996.99	25.77	5	495	0	0	0	0	0
998	997.99	33.49	5	495	0	0	0	0	0
999	998.99	35.26	5	495	0	0	0	0	0
1000	999.99	32.59	5	495	0	0	0	0	0
1001	1000.99	18.68	4	396	0	0	0	0	0
1002	1001.99	20.3	3	297	0	0	0	0	0
1003	1002.99	20.94	2	198	0	0	0	0	0
1004	1003.99	24.86	2	198	0	0	0	0	0
1005	1004.99	22.08	2	198	0	0	0	0	0
1006	1005.99	24.2	2	198	0	0	0	0	0
1007	1006.99	20.34	2	198	0	0	0	0	0
1008	1007.99	23.54	2	198	0	0	0	0	0
1009	1008.99	19.87	2	198	0	0	0	0	0
1010	1009.99	25.78	2	198	0	0	0	0	0
1011	1010.99	22.95	2	198	0	0	0	0	0
1012	1011.99	25.67	3	297	0	0	0	0	0
1013	1012.99	23.75	4	396	0	0	0	0	0
1014	1013.99	26.93	4	396	0	0	0	0	0
1015	1014.99	26.62	6	594	0	0	0	0	0
1016	1015.99	26.34	6	594	0	0	0	0	0
1017	1016.99	26.62	6	594	0	0	0	0	0
1018	1017.99	24.65	6	594	0	0	0	0	0
1019	1018.99	28.21	6	594	0	0	0	0	0
1020	1019.99	28.73	6	594	0	0	0	0	0
1021	1020.99	27.55	6	594	0	0	0	0	0
1022	1021.99	27.99	7	693	0	0	0	0	0
1023	1022.99	48.16	7	693	0	0	0	0	0
1024	1023.99	26.16	7	693	0	0	0	0	0
1025	1024.99	28.44	8	792	0	0	0	0	0
1026	1025.99	31.31	8	792	0	0	0	0	0
1027	1026.99	19.84	7	693	0	0	0	0	0
1028	1027.99	22.81	7	693	0	0	0	0	0
1029	1028.99	23.38	8	792	0	0	0	0	0
1030	1029.99	24.63	8	792	0	0	0	0	0
1031	1030.99	31.42	7	693	0	0	0	0	0
1032	1031.99	23.12	6	594	0	0	0	0	0
1033	1032.99	23.83	6	594	0	0	0	0	0
1034	1033.99	24.71	5	495	0	0	0	0	0
1035	1034.99	26.05	4	396	0	0	0	0	0
1036	1035.99	32.94	4	396	0	0	0	0	0
1037	1036.99	60.97	5	495	0	0	0	0	0
1038	1037.99	28.42	3	297	0	0	0	0	0
1039	1038.99	29.65	2	198	0	0	0	0	0
1040	1039.99	30.34	2	198	0	0	0	0	0
1041	1040.99	28.19	2	198	0	0	0	0	0
1042	1041.99	27.23	2	198	0	0	0	0	0
1043	1042.99	34.37	3	297	0	0	0	0	0
1044	1043.99	25.29	3	297	0	0	0	0	0
1045	1044.99	19.84	3	297	0	0	0	0	0
1046	1045.99	19.36	3	297	0	0	0	0	0
1047	1046.99	24.42	3	297	0	0	0	0	0
1048	1047.99	25.28	3	297	0	0	0	0	0
1049	1048.99	28.38	2	198	0	0	0	0	0
1050	1049.99	26.34	2	198	0	0	0	0	0
1051	1050.99	26.11	4	396	0	0	0	0	0
1052	1051.99	26.05	4	396	0	0	0	0	0
1053	1052.99	25.4	4	396	0	0	0	0	0
1054	1053.99	22.81	4	396	0	0	0	0	0
1055	1054.99	24.41	4	396	0	0	0	0	0
1056	1055.99	24.57	3	297	0	0	0	0	0
1057	1056.99	31.1	3	297	0	0	0	0	0
1058	1057.99	24.89	3	297	0	0	0	0	0
1059	1058.99	24.87	4	396	0	0	0	0	0
1060	1059.99	25.45	4	396	0	0	0	0	0
1061	1060.99	20.53	4	396	0	0	0	0	0
1062	1061.99	18.33	6	594	0	0	0	0	0
1063	1062.99	29.97	8	792	0	0	0	0	0
1064	1063.99	27.38	10	990	0	0	0	0	0
1065	1064.99	35.59	10	990	0	0	0	0	0
1066	1065.99	45.13	10	990	0	0	0	0	0
1067	1066.99	31	2	198	0	0	0	0	0
1068	1067.99	32.5	3	297	0	0	0	0	0
1069	1068.99	32.26	3	297	0	0	0	0	0
1070	1069.99	32.4	3	297	0	0	0	0	0
1071	1070.99	31	2	198	0	0	0	0	0
1072	1071.99	34.82	2	198	0	0	0	0	0
1073	1072.99	33	3	297	0	0	0	0	0
1074	1073.99	30	2	198	0	0	0	0	0
1075	1074.99	31	3	297	0	0	0	0	0
1076	1075.99	33	3	297	0	0	0	0	0
1077	1076.99	34.15	2	198	0	0	0	0	0
1078	1077.99	33	3	297	0	0	0	0	0
1079	1078.99	32	2	198	0	0	0	0	0
1080	1079.99	31.19	4	396	0	0	0	0	0
1081	1080.99	29.6	5	495	0	0	0	0	0
1082	1081.99	27	7	693	0	0	0	0	0
1083	1082.99	25	5	495	0	0	0	0	0
1084	1083.99	24	4	396	0	0	0	0	0
1085	1084.99	23	5	495	0	0	0	0	0
1086	1085.99	21	6	594	0	0	0	0	0
1087	1086.99	20	8	792	0	0	0	0	0
1088	1087.99	19.22	8	792	0	0	0	0	0
1089	1088.99	18.53	7	693	0	0	0	0	0
1090	1089.99	18.21	8	792	0	0	0	0	0
1091	1090.99	17	8	792	0	0	0	0	0
1092	1091.99	16	8	792	0	0	0	0	0
1093	1092.99	17	8	792	0	0	0	0	0
1094	1093.99	16.47	7	693	0	0	0	0	0
1095	1094.99	15.57	7	693	0	0	0	0	0
1096	1095.99	29.73	6	594	0	0	0	0	0
1097	1096.99	20.52	6	594	0	0	0	0	0
1098	1097.99	26.3	6	594	0	0	0	0	0
1099	1098.99	22.07	6	594	0	0	0	0	0
1100	1099.99	24.66	6	594	0	0	0	0	0
1101	1100.99	22.59	7	693	0	0	0	0	0
1102	1101.99	22.1	7	693	0	0	0	0	0
1103	1102.99	22.56	8	792	0	0	0	0	0
1104	1103.99	29.93	8	792	0	0	0	0	0
1105	1104.99	27.62	8	792	0	0	0	0	0
1106	1105.99	23	8	792	0	0	0	0	0
1107	1106.99	22.24	8	792	0	0	0	0	0
1108	1107.99	23.78	7	693	0	0	0	0	0
1109	1108.99	23.03	7	693	0	0	0	0	0
1110	1109.99	24.1	7	693	0	0	0	0	0
1111	1110.99	25.39	7	693	0	0	0	0	0
1112	1111.99	24.69	7	693	0	0	0	0	0
1113	1112.99	19.93	6	594	0	0	0	0	0
1114	1113.99	19.34	6	594	0	0	0	0	0
1115	1114.99	21.1	6	594	0	0	0	0	0
1116	1115.99	22.28	6	594	0	0	0	0	0
1117	1116.99	22.97	6	594	0	0	0	0	0
1118	1117.99	21.4	6	594	0	0	0	0	0
1119	1118.99	15.47	6	594	0	0	0	0	0
1120	1119.99	23.41	5	495	0	0	0	0	0
1121	1120.99	23.31	5	495	0	0	0	0	0
1122	1121.99	22.52	5	495	0	0	0	0	0
1123	1122.99	10.72	5	495	0	0	0	0	0
1124	1123.99	16.55	4	396	0	0	0	0	0
1125	1124.99	15.35	4	396	0	0	0	0	0
1126	1125.99	21.63	4	396	0	0	0	0	0
1127	1126.99	18.65	4	396	0	0	0	0	0
1128	1127.99	18.71	4	396	0	0	0	0	0
1129	1128.99	23.05	4	396	0	0	0	0	0
1130	1129.99	22.16	4	396	0	0	0	0	0
1131	1130.99	22.32	3	297	0	0	0	0	0
1132	1131.99	24.76	4	396	0	0	0	0	0
1133	1132.99	23.21	4	396	0	0	0	0	0
1134	1133.99	18.22	4	396	0	0	0	0	0
1135	1134.99	18.42	4	396	0	0	0	0	0
1136	1135.99	20.49	4	396	0	0	0	0	0
1137	1136.99	22.5	4	396	0	0	0	0	0
1138	1137.99	12.01	4	396	0	0	0	0	0
1139	1138.99	19.11	4	396	0	0	0	0	0
1140	1139.99	18.53	4	396	0	0	0	0	0
1141	1140.99	17.96	4	396	0	0	0	0	0
1142	1141.99	23.89	5	495	0	0	0	0	0
1143	1142.99	24.54	5	495	0	0	0	0	0
1144	1143.99	27.34	5	495	0	0	0	0	0
1145	1144.99	24.09	5	495	0	0	0	0	0
1146	1145.99	23.93	5	495	0	0	0	0	0
1147	1146.99	24.01	5	495	0	0	0	0	0
1148	1147.99	24.44	6	594	0	0	0	0	0
1149	1148.99	25.63	6	594	0	0	0	0	0
1150	1149.99	23.4	6	594	0	0	0	0	0
1151	1150.99	24.97	6	594	0	0	0	0	0
1152	1151.99	17.85	6	594	0	0	0	0	0
1153	1152.99	23.74	6	594	0	0	0	0	0
1154	1153.99	27.61	7	693	0	0	0	0	0
1155	1154.99	22.5	7	693	0	0	0	0	0
1156	1155.99	19.39	7	693	0	0	0	0	0
1157	1156.99	23.85	7	693	0	0	0	0	0
1158	1157.99	19.79	7	693	0	0	0	0	0
1159	1158.99	18.69	7	693	0	0	0	0	0
1160	1159.99	17.7	7	693	0	0	0	0	0
1161	1160.99	19.91	7	693	0	0	0	0	0
1162	1161.99	16.9	7	693	0	0	0	0	0
1163	1162.99	11.37	7	693	0	0	0	0	0
1164	1163.99	12.69	7	693	0	0	0	0	0
1165	1164.99	19.74	6	594	0	0	0	0	0
1166	1165.99	17.22	6	594	0	0	0	0	0
1167	1166.99	20.19	6	594	0	0	0	0	0
1168	1167.99	24.96	6	594	0	0	0	0	0
1169	1168.99	34.28	5	495	0	0	0	0	0
1170	1169.99	29.38	5	495	0	0	0	0	0
1171	1170.99	23.62	5	495	0	0	0	0	0
1172	1171.99	31.08	5	495	0	0	0	0	0
1173	1172.99	30.73	4	396	0	0	0	0	0
1174	1173.99	26.59	4	396	0	0	0	0	0
1175	1174.99	22.81	4	396	0	0	0	0	0
1176	1175.99	21.11	3	297	0	0	0	0	0
1177	1176.99	15.86	3	297	0	0	0	0	0
1178	1177.99	19.64	4	396	0	0	0	0	0
1179	1178.99	10.95	3	297	0	0	0	0	0
1180	1179.99	2.51	3	297	0	0	0	0	0
1181	1180.99	49.84	3	297	0	0	0	0	0
1182	1181.99	28.43	4	396	0	0	0	0	0
1183	1182.99	29.82	4	396	0	0	0	0	0
1184	1183.99	23.76	4	396	0	0	0	0	0
1185	1184.99	23.88	4	396	0	0	0	0	0
1186	1185.99	23.03	4	396	0	0	0	0	0
1187	1186.99	24.62	4	396	0	0	0	0	0
1188	1187.99	26.62	4	396	0	0	0	0	0
1189	1188.99	25.97	4	396	0	0	0	0	0
1190	1189.99	26.39	5	495	0	0	0	0	0
1191	1190.99	26.61	5	495	0	0	0	0	0
1192	1191.99	22.5	5	495	0	0	0	0	0
1193	1192.99	22.81	5	495	0	0	0	0	0
1194	1193.99	23.24	5	495	0	0	0	0	0
1195	1194.99	22.75	6	594	0	0	0	0	0
1196	1195.99	22.3	6	594	0	0	0	0	0
1197	1196.99	22.92	6	594	0	0	0	0	0
1198	1197.99	19.39	5	495	0	0	0	0	0
1199	1198.99	20.36	5	495	0	0	0	0	0
1200	1199.99	23.77	5	495	0	0	0	0	0
1201	1200.99	24.93	5	495	0	0	0	0	0
1202	1201.99	23.9	4	396	0	0	0	0	0
1203	1202.99	23.27	4	396	0	0	0	0	0
1204	1203.99	22.1	3	297	0	0	0	0	0
1205	1204.99	21.1	3	297	0	0	0	0	0
1206	1205.99	26.3	3	297	0	0	0	0	0
1207	1206.99	26.9	3	297	0	0	0	0	0
1208	1207.99	15.2	2	198	0	0	0	0	0
1209	1208.99	45.3	2	198	0	0	0	0	0
1210	1209.99	26	2	198	0	0	0	0	0
1211	1210.99	23.6	3	297	0	0	0	0	0
1212	1211.99	23.86	3	297	0	0	0	0	0
1213	1212.99	25.67	3	297	0	0	0	0	0
1214	1213.99	24.38	3	297	0	0	0	0	0
1215	1214.99	26.37	5	495	0	0	0	0	0
1216	1215.99	23.49	5	495	0	0	0	0	0
1217	1216.99	32.77	5	495	0	0	0	0	0
1218	1217.99	31.32	5	495	0	0	0	0	0
1219	1218.99	25.37	5	495	0	0	0	0	0
1220	1219.99	23.62	5	495	0	0	0	0	0
1221	1220.99	21.79	5	495	0	0	0	0	0
1222	1221.99	22.03	5	495	0	0	0	0	0
1223	1222.99	22.26	6	594	0	0	0	0	0
1224	1223.99	19.33	6	594	0	0	0	0	0
1225	1224.99	19.09	6	594	0	0	0	0	0
1226	1225.99	18.92	7	693	0	0	0	0	0
1227	1226.99	20.26	7	693	0	0	0	0	0
1228	1227.99	22.28	7	693	0	0	0	0	0
1229	1228.99	21.85	7	693	0	0	0	0	0
1230	1229.99	14.13	7	693	0	0	0	0	0
1231	1230.99	21.67	8	792	0	0	0	0	0
1232	1231.99	21.3	8	792	0	0	0	0	0
1233	1232.99	21.98	8	792	0	0	0	0	0
1234	1233.99	22.69	9	891	0	0	0	0	0
1235	1234.99	22.63	9	891	0	0	0	0	0
1236	1235.99	32.47	8	792	0	0	0	0	0
1237	1236.99	12.58	8	792	0	0	0	0	0
1238	1237.99	17.09	7	693	0	0	0	0	0
1239	1238.99	26.49	7	693	0	0	0	0	0
1240	1239.99	22.1	7	693	0	0	0	0	0
1241	1240.99	22.3	8	792	0	0	0	0	0
1242	1241.99	18.64	8	792	0	0	0	0	0
1243	1242.99	18.62	8	792	0	0	0	0	0
1244	1243.99	19.49	8	792	0	0	0	0	0
1245	1244.99	20.11	7	693	0	0	0	0	0
1246	1245.99	21.64	7	693	0	0	0	0	0
1247	1246.99	7.91	7	693	0	0	0	0	0
1248	1247.99	7.91	2	198	0	0	0	0	0
1249	1248.9	22	2	198	0	0	0	0	0
1250	1249.9	19	2	198	0	0	0	0	0
1251	1250.9	21.05	3	297	0	0	0	0	0
1252	1251.9	20.78	3	297	0	0	0	0	0
1253	1252.9	22.78	3	297	0	0	0	0	0
1254	1253.9	22.22	3	297	0	0	0	0	0
1255	1254.9	21	2	198	0	0	0	0	0
1256	1255.9	20	2	198	0	0	0	0	0
1257	1256.9	19	3	297	0	0	0	0	0
1258	1257.9	21	2	198	0	0	0	0	0
1259	1258.9	20	3	297	0	0	0	0	0
1260	1259.9	19	2	198	0	0	0	0	0
1261	1260.9	20	3	297	0	0	0	0	0
1262	1261.9	19.09	2	198	0	0	0	0	0
1263	1262.9	20.34	3	297	0	0	0	0	0
1264	1263.9	20.67	2	198	0	0	0	0	0
1265	1264.9	19	3	297	0	0	0	0	0
1266	1265.9	19.17	2	198	0	0	0	0	0
1267	1266.9	20.1	3	297	0	0	0	0	0
1268	1267.9	22	3	297	0	0	0	0	0
1269	1268.9	23.9	4	396	0	0	0	0	0
1270	1269.9	25.8	5	495	0	0	0	0	0
1271	1270.9	27.7	8	792	0	0	0	0	0
1272	1271.9	29.6	9	891	0	0	0	0	0
1273	1272.9	31.5	11	1089	0	0	0	0	0
1274	1273.9	33.4	12	1188	0	0	0	0	0
1275	1274.9	32	13	1287	0	0	0	0	0
1276	1275.9	33	12	1188	0	0	0	0	0
1277	1276.9	31	13	1287	0	0	0	0	0
1278	1277.9	30	14	1386	0	0	0	0	0
1279	1278.9	32	13	1287	0	0	0	0	0
1280	1279.9	30	16	1584	0	0	0	0	0
1281	1280.9	31	18	1782	0	0	0	0	0
1282	1281.9	29.5	20	1980	0	0	0	0	0
1283	1282.9	28	23	2277	0	0	0	0	0
1284	1283.9	23.32	24	2376	0	0	0	0	0
1285	1284.9	22	27	2673	0	0	0	0	0
1286	1285.9	22.7	29	2871	0	0	0	0	0
1287	1286.9	23.34	30	2970	0	0	0	0	0
1288	1287.9	24.85	33	3267	0	0	0	0	0
1289	1288.9	25	33	3267	0	0	0	0	0
1290	1289.9	23.17	31	3069	0	0	0	0	0
1291	1290.9	23.32	32	3168	0	0	0	0	0
1292	1291.9	22	25	2475	0	0	0	0	0
1293	1292.9	21	23	2277	0	0	0	0	0
1294	1293.9	20	22	2178	0	0	0	0	0
1295	1294.9	21	21	2079	0	0	0	0	0
1296	1295.9	22	23	2277	0	0	0	0	0
1297	1296.9	23	24	2376	0	0	0	0	0
1298	1297.9	24	26	2574	0	0	0	0	0
1299	1298.9	22	29	2871	0	0	0	0	0
1300	1299.9	20	31	3069	0	0	0	0	0
1301	1300.9	22.5	33	3267	0	0	0	0	0
1302	1301.9	21.96	36	3564	0	0	0	0	0
1303	1302.9	21.31	38	3762	0	0	0	0	0
1304	1303.9	22.53	40	3960	0	0	0	0	0
1305	1304.9	23.82	67	6633	0	0	0	0	0
1306	1305.9	21	67	6633	0	0	0	0	0
1307	1306.9	21.54	67	6633	0	0	0	0	0
1308	1307.9	20.06	62	6138	0	0	0	0	0
1309	1308.9	18	59	5841	0	0	0	0	0
1310	1309.9	17.05	56	5544	0	0	0	0	0
1311	1310.9	15.61	53	5247	0	0	0	0	0
1312	1311.9	16.05	50	4950	0	0	0	0	0
1313	1312.9	17.25	49	4851	0	0	0	0	0
1314	1313.9	16.78	51	5049	0	0	0	0	0
1315	1314.9	18.5	52	5148	0	0	0	0	0
1316	1315.9	20.32	49	4851	0	0	0	0	0
1317	1316.9	22	46	4554	0	0	0	0	0
1318	1317.9	21	43	4257	0	0	0	0	0
1319	1318.9	22.09	40	3960	0	0	0	0	0
1320	1319.9	20	37	3663	0	0	0	0	0
1321	1320.9	23	34	3366	0	0	0	0	0
1322	1321.9	22	31	3069	0	0	0	0	0
1323	1322.9	21	28	2772	0	0	0	0	0
1324	1323.9	20	25	2475	0	0	0	0	0
1325	1324.9	21.59	22	2178	0	0	0	0	0
1326	1325.9	21.75	21	2079	0	0	0	0	0
1327	1326.9	20	20	1980	0	0	0	0	0
1328	1327.9	18.5	19	1881	0	0	0	0	0
1329	1328.9	19.54	18	1782	0	0	0	0	0
1330	1329.9	17.6	17	1683	0	0	0	0	0
1331	1330.9	19.6	16	1584	0	0	0	0	0
1332	1331.9	21.99	15	1485	0	0	0	0	0
1333	1332.9	23.67	14	1386	0	0	0	0	0
1334	1333.9	19.26	13	1287	0	0	0	0	0
1335	1334.9	22.37	12	1188	0	0	0	0	0
1336	1335.9	21.4	11	1089	0	0	0	0	0
1337	1336.9	20.85	10	990	0	0	0	0	0
1338	1337.9	19.38	9	891	0	0	0	0	0
1339	1338.9	20.14	8	792	0	0	0	0	0
1340	1339.9	20.3	7	693	0	0	0	0	0
1341	1340.9	23.1	8	792	0	0	0	0	0
1342	1341.9	24.37	9	891	0	0	0	0	0
1343	1342.9	23.56	7	693	0	0	0	0	0
1344	1343.9	25	5	495	0	0	0	0	0
1345	1344.9	24	6	594	0	0	0	0	0
1346	1345.9	22	7	693	0	0	0	0	0
1347	1346.9	21	6	594	0	0	0	0	0
1348	1347.9	20	5	495	0	0	0	0	0
1349	1348.9	18.6	6	594	0	0	0	0	0
1350	1349.9	18.9	7	693	0	0	0	0	0
1351	1350.9	18.99	8	792	0	0	0	0	0
1352	1351.9	20.1	7	693	0	0	0	0	0
1353	1352.9	22.04	5	495	0	0	0	0	0
1354	1353.9	22	6	594	0	0	0	0	0
1355	1354.9	21.23	6	594	0	0	0	0	0
1356	1355.9	20.07	7	693	0	0	0	0	0
1357	1356.9	22.9	6	594	0	0	0	0	0
1358	1357.9	22.56	5	495	0	0	0	0	0
1359	1358.9	21.32	6	594	0	0	0	0	0
1360	1359.9	22.07	8	792	0	0	0	0	0
1361	1360.9	20.97	7	693	0	0	0	0	0
1362	1361.9	21.5	6	594	0	0	0	0	0
1363	1362.9	22.13	5	495	0	0	0	0	0
1364	1363.9	22.13	6	594	0	0	0	0	0
1365	1364.9	23.63	5	495	0	0	0	0	0
1366	1365.9	22.82	6	594	0	0	0	0	0
1367	1366.9	23.97	6	594	0	0	0	0	0
1368	1367.9	22.12	5	495	0	0	0	0	0
1369	1368.9	23.1	6	594	0	0	0	0	0
1370	1369.9	21.96	7	693	0	0	0	0	0
1371	1370.9	21.96	7	693	0	0	0	0	0
1372	1371.9	21.96	7	693	0	0	0	0	0
1373	1372.9	21.96	7	693	0	0	0	0	0
1374	1374.99	45.05	7	693	0	0	0	0	0
1375	1375.99	19.37	7	693	0	0	0	0	0
1376	1376.99	14.84	6	594	0	0	0	0	0
1377	1377.99	6.56	6	594	0	0	0	0	0
1378	1378.99	16.32	6	594	0	0	0	0	0
1379	1379.99	16.62	6	594	0	0	0	0	0
1380	1380.99	22.33	6	594	0	0	0	0	0
1381	1381.99	19.76	5	495	0	0	0	0	0
1382	1382.99	20.02	5	495	0	0	0	0	0
1383	1383.99	25.93	5	495	0	0	0	0	0
1384	1384.99	14.71	5	495	0	0	0	0	0
1385	1385.99	18.54	5	495	0	0	0	0	0
1386	1386.99	18.01	5	495	0	0	0	0	0
1387	1387.99	22.97	5	495	0	0	0	0	0
1388	1388.99	20.12	4	396	0	0	0	0	0
1389	1389.99	26.27	4	396	0	0	0	0	0
1390	1390.99	29.26	4	396	0	0	0	0	0
1391	1391.99	39.14	5	495	0	0	0	0	0
1392	1392.99	32.25	5	495	0	0	0	0	0
1393	1393.99	29.12	5	495	0	0	0	0	0
1394	1394.99	27.18	5	495	0	0	0	0	0
1395	1395.99	29.11	5	495	0	0	0	0	0
1396	1396.99	28.1	5	495	0	0	0	0	0
1397	1397.99	23.63	5	495	0	0	0	0	0
1398	1398.99	20.63	4	396	0	0	0	0	0
1399	1399.99	22.63	4	396	0	0	0	0	0
1400	1400.99	24.73	4	396	0	0	0	0	0
1401	1401.99	23.64	4	396	0	0	0	0	0
1402	1402.99	23.78	4	396	0	0	0	0	0
1403	1403.99	24.07	4	396	0	0	0	0	0
1404	1404.99	23.51	5	495	0	0	0	0	0
1405	1405.99	24.99	5	495	0	0	0	0	0
1406	1406.99	23.1	6	594	0	0	0	0	0
1407	1407.99	16.04	6	594	0	0	0	0	0
1408	1408.99	59.96	6	594	0	0	0	0	0
1409	1409.99	289.22	6	594	0	0	0	0	0
1410	1410.99	22.01	6	594	0	0	0	0	0
1411	1411.99	18.12	5	495	0	0	0	0	0
1412	1412.99	14.76	5	495	0	0	0	0	0
1413	1413.99	6.09	5	495	0	0	0	0	0
1414	1414.99	21.63	5	495	0	0	0	0	0
1415	1415.99	21.02	5	495	0	0	0	0	0
1416	1416.99	29.17	6	594	0	0	0	0	0
1417	1417.99	21.14	6	594	0	0	0	0	0
1418	1418.99	24.09	6	594	0	0	0	0	0
1419	1419.99	22.13	6	594	0	0	0	0	0
1420	1420.99	23.76	6	594	0	0	0	0	0
1421	1421.99	24.04	7	693	0	0	0	0	0
1422	1422.99	24.79	7	693	0	0	0	0	0
1423	1423.99	24.98	7	693	0	0	0	0	0
1424	1424.99	24.33	7	693	0	0	0	0	0
1425	1425.99	25.32	8	792	0	0	0	0	0
1426	1426.99	15.75	8	792	0	0	0	0	0
1427	1427.99	20.72	10	990	0	0	0	0	0
1428	1428.99	24.88	10	990	0	0	0	0	0
1429	1429.99	23.6	10	990	0	0	0	0	0
1430	1430.99	24.59	10	990	0	0	0	0	0
1431	1431.99	23.53	10	990	0	0	0	0	0
1432	1432.99	21.53	11	1089	0	0	0	0	0
1433	1433.99	22.25	11	1089	0	0	0	0	0
1434	1434.99	20.14	11	1089	0	0	0	0	0
1435	1435.99	13.74	11	1089	0	0	0	0	0
1436	1436.99	169.07	12	1188	0	0	0	0	0
1437	1437.99	192.07	12	1188	0	0	0	0	0
1438	1438.99	16.96	12	1188	0	0	0	0	0
1439	1439.99	19.37	12	1188	0	0	0	0	0
1440	1440.99	21.59	12	1188	0	0	0	0	0
1441	1441.99	22.27	10	990	0	0	0	0	0
1442	1442.99	22.26	10	990	0	0	0	0	0
1443	1443.99	22.86	10	990	0	0	0	0	0
1444	1444.99	23.02	10	990	0	0	0	0	0
1445	1445.99	22.42	10	990	0	0	0	0	0
1446	1446.99	21.84	11	1089	0	0	0	0	0
1447	1447.99	21.93	11	1089	0	0	0	0	0
1448	1448.99	22.06	11	1089	0	0	0	0	0
1449	1449.99	20.7	10	990	0	0	0	0	0
1450	1450.99	20.68	10	990	0	0	0	0	0
1451	1451.99	20.71	9	891	0	0	0	0	0
1452	1452.99	19.7	9	891	0	0	0	0	0
1453	1453.99	19.32	9	891	0	0	0	0	0
1454	1454.99	19.37	8	792	0	0	0	0	0
1455	1455.99	17.95	8	792	0	0	0	0	0
1456	1456.99	19.01	8	792	0	0	0	0	0
1457	1457.99	4.02	8	792	0	0	0	0	0
1458	1458.99	0.86	7	693	0	0	0	0	0
1459	1459.99	0.82	7	693	0	0	0	0	0
1460	1460.99	0.77	7	693	0	0	0	0	0
1461	1461.99	1.54	6	594	0	0	0	0	0
1462	1462.99	17.04	6	594	0	0	0	0	0
1463	1463.99	20.72	6	594	0	0	0	0	0
1464	1464.99	17.46	6	594	0	0	0	0	0
1465	1465.99	20.05	6	594	0	0	0	0	0
1466	1466.99	4.49	6	594	0	0	0	0	0
1467	1467.99	14.08	5	495	0	0	0	0	0
1468	1468.99	20.38	5	495	0	0	0	0	0
1469	1469.99	17.34	5	495	0	0	0	0	0
1470	1470.99	16.01	4	396	0	0	0	0	0
1471	1471.99	23.32	4	396	0	0	0	0	0
1472	1472.99	23.17	4	396	0	0	0	0	0
1473	1473.99	22.94	4	396	0	0	0	0	0
1474	1474.99	21.37	4	396	0	0	0	0	0
1475	1475.99	25.02	3	297	0	0	0	0	0
1476	1476.99	22.72	3	297	0	0	0	0	0
1477	1477.99	24.34	3	297	0	0	0	0	0
1478	1478.99	23.71	3	297	0	0	0	0	0
1479	1479.99	21.39	4	396	0	0	0	0	0
1480	1480.99	23.9	4	396	0	0	0	0	0
1481	1481.99	20.64	4	396	0	0	0	0	0
1482	1482.99	21.75	4	396	0	0	0	0	0
1483	1483.99	14.23	4	396	0	0	0	0	0
1484	1481.68	17.92	2	198	0	0	0	0	0
1485	1481.68	17.92	3	297	0	0	0	0	0
1486	1483.24	13.79	3	297	0	0	0	0	0
1487	1485.54	14.27	4	396	0	0	0	0	0
1488	1486.54	16.15	5	495	0	0	0	0	0
1489	1487.54	20.12	4	396	0	0	0	0	0
1490	1488.54	18.53	3	297	0	0	0	0	0
1491	1490.9	11	2	198	0	0	0	0	0
1492	1491.9	10.59	3	297	0	0	0	0	0
1493	1492.9	12	3	297	0	0	0	0	0
1494	1493.9	13	2	198	0	0	0	0	0
1495	1494.9	13.77	3	297	0	0	0	0	0
1496	1495.9	15	2	198	0	0	0	0	0
1497	1496.9	18.99	3	297	0	0	0	0	0
1498	1497.9	17	2	198	0	0	0	0	0
1499	1498.9	18	3	297	0	0	0	0	0
1500	1499.9	17	3	297	0	0	0	0	0
1501	1500.9	16.52	2	198	0	0	0	0	0
1502	1501.9	15	3	297	0	0	0	0	0
1503	1502.9	17.81	2	198	0	0	0	0	0
1504	1503.9	20	3	297	0	0	0	0	0
1505	1504.9	20.85	2	198	0	0	0	0	0
1506	1505.9	18	3	297	0	0	0	0	0
1507	1506.9	17.63	3	297	0	0	0	0	0
1508	1507.9	16.84	2	198	0	0	0	0	0
1509	1508.9	17.34	3	297	0	0	0	0	0
1510	1509.9	17.69	3	297	0	0	0	0	0
1511	1510.9	18.42	2	198	0	0	0	0	0
1512	1511.9	19.86	2	198	0	0	0	0	0
1513	1512.9	16	3	297	0	0	0	0	0
1514	1513.9	15.54	3	297	0	0	0	0	0
1515	1514.9	14	3	297	0	0	0	0	0
1516	1515.9	13.27	3	297	0	0	0	0	0
1517	1516.9	12.75	3	297	0	0	0	0	0
1518	1517.9	14.63	2	198	0	0	0	0	0
1519	1518.9	13	2	198	0	0	0	0	0
1520	1519.9	13	3	297	0	0	0	0	0
1521	1520.9	14	2	198	0	0	0	0	0
1522	1521.9	12	3	297	0	0	0	0	0
1523	1522.9	13	3	297	0	0	0	0	0
1524	1523.9	14	2	198	0	0	0	0	0
1525	1524.9	15.95	2	198	0	0	0	0	0
1526	1525.9	16.42	3	297	0	0	0	0	0
1527	1526.9	15	3	297	0	0	0	0	0
1528	1527.9	17.54	2	198	0	0	0	0	0
1529	1528.9	19	3	297	0	0	0	0	0
1530	1529.9	22	2	198	0	0	0	0	0
1531	1530.9	20.4	3	297	0	0	0	0	0
1532	1531.9	22.97	2	198	0	0	0	0	0
1533	1532.9	20.33	3	297	0	0	0	0	0
1534	1533.9	23.13	2	198	0	0	0	0	0
1535	1534.9	21.52	3	297	0	0	0	0	0
1536	1535.9	19.55	2	198	0	0	0	0	0
1537	1536.9	20.71	3	297	0	0	0	0	0
1538	1537.9	20.38	2	198	0	0	0	0	0
1539	1538.9	19.24	3	297	0	0	0	0	0
1540	1539.9	19.26	2	198	0	0	0	0	0
1541	1540.9	18.01	2	198	0	0	0	0	0
1542	1541.9	20.14	3	297	0	0	0	0	0
1543	1542.9	22	3	297	0	0	0	0	0
1544	1543.9	22.38	2	198	0	0	0	0	0
1545	1544.9	23	3	297	0	0	0	0	0
1546	1545.9	25	3	297	0	0	0	0	0
1547	1546.9	26	2	198	0	0	0	0	0
1548	1547.9	27.1	3	297	0	0	0	0	0
1549	1548.9	23	3	297	0	0	0	0	0
1550	1549.9	24.87	2	198	0	0	0	0	0
1551	1550.9	22.54	2	198	0	0	0	0	0
1552	1551.9	18.88	2	198	0	0	0	0	0
1553	1552.9	18.02	2	198	0	0	0	0	0
1554	1553.9	20.46	2	198	0	0	0	0	0
1555	1554.9	17.9	2	198	0	0	0	0	0
1556	1555.9	17.32	2	198	0	0	0	0	0
1557	1556.9	17.19	3	297	0	0	0	0	0
1558	1557.9	15.17	3	297	0	0	0	0	0
1559	1558.9	14.91	3	297	0	0	0	0	0
1560	1559.9	3.94	3	297	0	0	0	0	0
1561	1560.9	18.99	3	297	0	0	0	0	0
1562	1561.9	17.19	3	297	0	0	0	0	0
1563	1562.9	15.12	3	297	0	0	0	0	0
1564	1563.9	14.6	3	297	0	0	0	0	0
1565	1564.9	17.79	4	396	0	0	0	0	0
1566	1565.9	16.26	4	396	0	0	0	0	0
1567	1566.9	18.92	4	396	0	0	0	0	0
1568	1567.9	15.99	6	594	0	0	0	0	0
1569	1568.9	19.69	9	891	0	0	0	0	0
1570	1569.9	18.22	9	891	0	0	0	0	0
1571	1570.9	19.13	9	891	0	0	0	0	0
1572	1571.9	19.24	9	891	0	0	0	0	0
1573	1572.9	18.66	9	891	0	0	0	0	0
1574	1573.9	17.31	9	891	0	0	0	0	0
1575	1574.9	14.3	9	891	0	0	0	0	0
1576	1575.9	14.02	9	891	0	0	0	0	0
1577	1576.9	13.94	9	891	0	0	0	0	0
1578	1577.9	20.28	9	891	0	0	0	0	0
1579	1578.9	24.7	10	990	0	0	0	0	0
1580	1579.9	17.44	10	990	0	0	0	0	0
1581	1580.9	17.24	10	990	0	0	0	0	0
1582	1581.9	12.61	10	990	0	0	0	0	0
1583	1582.9	17.22	10	990	0	0	0	0	0
1584	1583.9	15.34	10	990	0	0	0	0	0
1585	1584.9	16.43	10	990	0	0	0	0	0
1586	1585.9	15.76	11	1089	0	0	0	0	0
1587	1586.9	15.46	11	1089	0	0	0	0	0
1588	1587.9	13.75	11	1089	0	0	0	0	0
1589	1588.9	14.21	11	1089	0	0	0	0	0
1590	1589.9	12.3	11	1089	0	0	0	0	0
1591	1590.9	13.78	11	1089	0	0	0	0	0
1592	1591.9	14.2	11	1089	0	0	0	0	0
1593	1592.9	13.85	10	990	0	0	0	0	0
1594	1593.9	11.33	10	990	0	0	0	0	0
1595	1594.9	14.86	10	990	0	0	0	0	0
1596	1595.9	16.8	10	990	0	0	0	0	0
1597	1596.9	16.56	8	792	0	0	0	0	0
1598	1597.9	16.55	8	792	0	0	0	0	0
1599	1597.9	16.8	8	792	0	0	0	0	0
1600	1597.9	13.84	8	792	0	0	0	0	0
1601	1600.9	15.61	10	990	0	0	0	0	0
1602	1601.9	15.25	12	1188	0	0	0	0	0
1603	1602.9	13.97	14	1386	0	0	0	0	0
1604	1603.9	13.93	16	1584	0	0	0	0	0
1605	1604.9	2.35	18	1782	0	0	0	0	0
1606	1605.9	2.35	20	1980	0	0	0	0	0
1607	1606.9	2.35	21	2079	0	0	0	0	0
1608	1607.9	2.35	23	2277	0	0	0	0	0
1609	1608.9	13.27	25	2475	0	0	0	0	0
1610	1609.9	13.2	28	2772	0	0	0	0	0
1611	1610.9	27.94	30	2970	0	0	0	0	0
1612	1611.9	25.74	31	3069	0	0	0	0	0
1613	1612.9	19.57	31	3069	0	0	0	0	0
1614	1613.9	20.68	31	3069	0	0	0	0	0
1615	1614.9	21.18	28	2772	0	0	0	0	0
1616	1615.9	21.36	25	2475	0	0	0	0	0
1617	1616.9	21.27	22	2178	0	0	0	0	0
1618	1617.9	21.6	18	1782	0	0	0	0	0
1619	1618.9	21.59	12	1188	0	0	0	0	0
1620	1619.9	21.04	8	792	0	0	0	0	0
1621	1620.9	17.94	5	495	0	0	0	0	0
1622	1621.9	25.17	5	495	0	0	0	0	0
1623	1622.9	15.88	5	495	0	0	0	0	0
1624	1623.9	18.17	5	495	0	0	0	0	0
1625	1624.9	13.62	5	495	0	0	0	0	0
1626	1625.9	12.34	5	495	0	0	0	0	0
1627	1626.9	13.57	5	495	0	0	0	0	0
1628	1627.9	14.06	5	495	0	0	0	0	0
1629	1628.9	12.47	6	594	0	0	0	0	0
1630	1629.9	14.34	6	594	0	0	0	0	0
1631	1630.9	13.77	6	594	0	0	0	0	0
1632	1631.9	13.74	8	792	0	0	0	0	0
1633	1632.9	14.96	8	792	0	0	0	0	0
1634	1633.9	15.75	8	792	0	0	0	0	0
1635	1634.9	12.96	6	594	0	0	0	0	0
1636	1635.9	16.79	6	594	0	0	0	0	0
1637	1636.9	15.2	1	99	0	0	0	0	0
1638	1637.9	12.42	1	99	0	0	0	0	0
1639	1638.9	12.42	2	198	0	0	0	0	0
1640	1639.9	13.52	2	198	0	0	0	0	0
1641	1640.9	20.08	2	198	0	0	0	0	0
1642	1641.9	9.05	2	198	0	0	0	0	0
1643	1642.9	21.16	2	198	0	0	0	0	0
1644	1643.9	21.86	2	198	0	0	0	0	0
1645	1644.9	56.31	3	297	0	0	0	0	0
1646	1645.9	53.63	3	297	0	0	0	0	0
1647	1646.9	33.49	3	297	0	0	0	0	0
1648	1647.8	31.77	2	198	0	0	0	0	0
1649	1648.8	29.79	2	198	0	0	0	0	0
1650	1649.8	30.04	2	198	0	0	0	0	0
1651	1650.8	31.51	2	198	0	0	0	0	0
1652	1651.8	19.77	3	297	0	0	0	0	0
1653	1652.8	19.62	2	198	0	0	0	0	0
1654	1653.8	17.72	3	297	0	0	0	0	0
1655	1654.8	24.33	3	297	0	0	0	0	0
1656	1655.8	20.42	2	198	0	0	0	0	0
1657	1656.8	21.49	2	198	0	0	0	0	0
1658	1657.8	30	2	198	0	0	0	0	0
1659	1658.8	35	2	198	0	0	0	0	0
1660	1659.8	46.72	2	198	0	0	0	0	0
1661	1660.8	46	3	297	0	0	0	0	0
1662	1661.8	44	3	297	0	0	0	0	0
1663	1661.8	39	2	198	0	0	0	0	0
1664	1661.8	36.16	2	198	0	0	0	0	0
1665	1661.8	42.24	4	396	0	0	0	0	0
1666	1662.76	33.94	4	396	0	0	0	0	0
1667	1663.71	18.43	4	396	0	0	0	0	0
1668	1664.67	16.15	4	396	0	0	0	0	0
1669	1665.62	18	4	396	0	0	0	0	0
1670	1666.58	18	3	297	0	0	0	0	0
1671	1667.53	16.55	3	297	0	0	0	0	0
1672	1668.49	17.13	3	297	0	0	0	0	0
1673	1669.44	15.65	3	297	0	0	0	0	0
1674	1670.4	13.54	2	198	0	0	0	0	0
1675	1671.36	14.55	2	198	0	0	0	0	0
1676	1672.31	17.24	2	198	0	0	0	0	0
1677	1673.27	13.5	2	198	0	0	0	0	0
1678	1674.22	18.73	2	198	0	0	0	0	0
1679	1675.18	21.27	4	396	0	0	0	0	0
1680	1676.13	21.73	4	396	0	0	0	0	0
1681	1677.09	19.18	4	396	0	0	0	0	0
1682	1678.04	18.33	4	396	0	0	0	0	0
1683	1679	15.07	4	396	0	0	0	0	0
1684	1679.95	15.15	4	396	0	0	0	0	0
1685	1680.91	19.63	4	396	0	0	0	0	0
1686	1681.86	31.48	3	297	0	0	0	0	0
1687	1682.82	24.68	3	297	0	0	0	0	0
1688	1683.77	19.93	3	297	0	0	0	0	0
1689	1684.73	20.1	3	297	0	0	0	0	0
1690	1685.69	21.59	3	297	0	0	0	0	0
1691	1686.64	23.79	3	297	0	0	0	0	0
1692	1687.6	22.03	3	297	0	0	0	0	0
1693	1688.55	26.01	3	297	0	0	0	0	0
1694	1689.51	24.51	3	297	0	0	0	0	0
1695	1690.46	22.51	4	396	0	0	0	0	0
1696	1691.42	24.09	4	396	0	0	0	0	0
1697	1692.37	27.23	4	396	0	0	0	0	0
1698	1693.33	26.37	4	396	0	0	0	0	0
1699	1694.28	23.44	4	396	0	0	0	0	0
1700	1695.24	14.43	4	396	0	0	0	0	0
1701	1696.19	15.51	4	396	0	0	0	0	0
1702	1697.15	15.75	2	198	0	0	0	0	0
1703	1698.11	15.52	2	198	0	0	0	0	0
1704	1699.06	11.95	2	198	0	0	0	0	0
1705	1700.02	14.45	2	198	0	0	0	0	0
1706	1700.97	13.03	2	198	0	0	0	0	0
1707	1701.93	14.93	2	198	0	0	0	0	0
1708	1702.88	16.63	4	396	0	0	0	0	0
1709	1703.84	16.15	4	396	0	0	0	0	0
1710	1704.79	15.41	4	396	0	0	0	0	0
1711	1705.75	15.97	4	396	0	0	0	0	0
1712	1706.7	14.64	4	396	0	0	0	0	0
1713	1707.66	24.61	4	396	0	0	0	0	0
1714	1708.61	23.24	3	297	0	0	0	0	0
1715	1709.57	29.8	5	495	0	0	0	0	0
1716	1710.53	27.05	5	495	0	0	0	0	0
1717	1711.48	18.87	5	495	0	0	0	0	0
1718	1712.44	21.75	6	594	0	0	0	0	0
1719	1713.39	25.96	6	594	0	0	0	0	0
1720	1714.35	22.57	6	594	0	0	0	0	0
1721	1715.3	17.96	8	792	0	0	0	0	0
1722	1716.26	22.31	8	792	0	0	0	0	0
1723	1717.21	21.2	9	891	0	0	0	0	0
1724	1718.17	23.24	9	891	0	0	0	0	0
1725	1719.12	24.51	9	891	0	0	0	0	0
1726	1720.08	21.74	9	891	0	0	0	0	0
1727	1721.03	23.63	11	1089	0	0	0	0	0
1728	1721.99	22.92	11	1089	0	0	0	0	0
1729	1722.94	16.02	15	1485	0	0	0	0	0
1730	1723.9	19.59	15	1485	0	0	0	0	0
1731	1724.86	21.15	17	1683	0	0	0	0	0
1732	1725.81	20.91	17	1683	0	0	0	0	0
1733	1726.77	15.67	19	1881	0	0	0	0	0
1734	1727.72	13.36	19	1881	0	0	0	0	0
1735	1728.68	15.45	22	2178	0	0	0	0	0
1736	1729.63	14.86	22	2178	0	0	0	0	0
1737	1730.59	9.66	22	2178	0	0	0	0	0
1738	1731.54	10.36	23	2277	0	0	0	0	0
1739	1732.5	11.68	23	2277	0	0	0	0	0
1740	1733.45	17.63	20	1980	0	0	0	0	0
1741	1734.41	20.79	15	1485	0	0	0	0	0
1742	1735.36	22.19	18	1782	0	0	0	0	0
1743	1736.32	17.61	24	2376	0	0	0	0	0
1744	1737.28	16.22	23	2277	0	0	0	0	0
1745	1738.23	17.23	23	2277	0	0	0	0	0
1746	1739.19	13.41	23	2277	0	0	0	0	0
1747	1740.14	16.15	23	2277	0	0	0	0	0
1748	1741.1	13.05	23	2277	0	0	0	0	0
1749	1742.05	14.03	23	2277	0	0	0	0	0
1750	1743.01	16.18	23	2277	0	0	0	0	0
1751	1743.96	15.63	23	2277	0	0	0	0	0
1752	1744.92	17.12	25	2475	0	0	0	0	0
1753	1745.87	17.78	25	2475	0	0	0	0	0
1754	1746.83	15.55	25	2475	0	0	0	0	0
1755	1747.78	15.18	25	2475	0	0	0	0	0
1756	1748.74	15.9	22	2178	0	0	0	0	0
1757	1749.69	15.92	22	2178	0	0	0	0	0
1758	1750.65	16.73	22	2178	0	0	0	0	0
1759	1751.61	12.77	22	2178	0	0	0	0	0
1760	1752.56	47.52	20	1980	0	0	0	0	0
1761	1753.52	42	20	1980	0	0	0	0	0
1762	1754.47	42	20	1980	0	0	0	0	0
1763	1755.43	42	20	1980	0	0	0	0	0
1764	1756.38	31.8	18	1782	0	0	0	0	0
1765	1757.34	35.08	18	1782	0	0	0	0	0
1766	1758.29	35	18	1782	0	0	0	0	0
1767	1759.25	18	18	1782	0	0	0	0	0
1768	1760.2	11.9	16	1584	0	0	0	0	0
1769	1761.16	35.6	16	1584	0	0	0	0	0
1770	1762.11	20.73	16	1584	0	0	0	0	0
1771	1763.07	23.9	15	1485	0	0	0	0	0
1772	1764.03	33.21	15	1485	0	0	0	0	0
1773	1764.98	28.55	15	1485	0	0	0	0	0
1774	1765.94	30.6	12	1188	0	0	0	0	0
1775	1766.89	23.52	12	1188	0	0	0	0	0
1776	1767.85	21.97	12	1188	0	0	0	0	0
1777	1768.8	30.55	12	1188	0	0	0	0	0
1778	1769.76	40.45	10	990	0	0	0	0	0
1779	1770.71	35	10	990	0	0	0	0	0
1780	1771.67	40.59	10	990	0	0	0	0	0
1781	1772.62	45	8	792	0	0	0	0	0
1782	1773.58	36.89	8	792	0	0	0	0	0
1783	1774.53	40	8	792	0	0	0	0	0
1784	1775.49	42	8	792	0	0	0	0	0
1785	1776.44	38	5	495	0	0	0	0	0
1786	1777.4	36	5	495	0	0	0	0	0
1787	1778.36	34	5	495	0	0	0	0	0
1788	1779.31	37.17	4	396	0	0	0	0	0
1789	1780.27	43	4	396	0	0	0	0	0
1790	1781.22	45	4	396	0	0	0	0	0
1791	1782.18	50	4	396	0	0	0	0	0
1792	1783.13	55	4	396	0	0	0	0	0
1793	1784.09	58	4	396	0	0	0	0	0
1794	1785.04	58	4	396	0	0	0	0	0
1795	1786	60	3	297	0	0	0	0	0
1796	1786.95	60	3	297	0	0	0	0	0
1797	1787.91	54	3	297	0	0	0	0	0
1798	1788.86	52	3	297	0	0	0	0	0
1799	1789.82	40	3	297	0	0	0	0	0
1800	1790.78	40	3	297	0	0	0	0	0
1801	1791.73	40	3	297	0	0	0	0	0
1802	1792.69	40	3	297	0	0	0	0	0
1803	1793.64	46	2	198	0	0	0	0	0
1804	1794.6	46	2	198	0	0	0	0	0
1805	1795.55	46	2	198	0	0	0	0	0
1806	1796.51	46	2	198	0	0	0	0	0
1807	1797.46	46	2	198	0	0	0	0	0
1808	1798.42	50	2	198	0	0	0	0	0
1809	1799.37	50	2	198	0	0	0	0	0
1810	1800.33	50	2	198	0	0	0	0	0
1811	1801.28	50	2	198	0	0	0	0	0
1812	1802.24	50	2	198	0	0	0	0	0
1813	1803.19	35	3	297	0	0	0	0	0
1814	1804.15	35	3	297	0	0	0	0	0
1815	1805.11	35	3	297	0	0	0	0	0
1816	1806.06	35	3	297	0	0	0	0	0
1817	1807.02	35	3	297	0	0	0	0	0
1818	1807.97	40	3	297	0	0	0	0	0
1819	1808.93	40	3	297	0	0	0	0	0
1820	1809.88	40	3	297	0	0	0	0	0
1821	1810.84	31.88	4	396	0	0	0	0	0
1822	1811.79	70.72	4	396	0	0	0	0	0
1823	1812.75	78.31	4	396	0	0	0	0	0
1824	1813.7	48.9	4	396	0	0	0	0	0
1825	1814.66	47.6	4	396	0	0	0	0	0
1826	1815.61	53.04	4	396	0	0	0	0	0
1827	1816.57	37.49	4	396	0	0	0	0	0
1828	1818.37	57.75	3	297	0	0	0	0	0
1829	1827.08	57.75	3	297	0	0	0	0	0
1830	1828.07	52.69	3	297	0	0	0	0	0
1831	1829.07	62.43	3	297	0	0	0	0	0
1832	1830.06	52.41	3	297	0	0	0	0	0
1833	1831.05	35.99	3	297	0	0	0	0	0
1834	1832.05	39.42	3	297	0	0	0	0	0
1835	1833.04	55.23	3	297	0	0	0	0	0
1836	1834.03	26.79	2	198	0	0	0	0	0
1837	1835.03	27.2	2	198	0	0	0	0	0
1838	1836.02	25.22	2	198	0	0	0	0	0
1839	1837.01	21.26	2	198	0	0	0	0	0
1840	1838	18.72	4	396	0	0	0	0	0
1841	1839	17.68	4	396	0	0	0	0	0
1842	1839.99	43.94	5	495	0	0	0	0	0
1843	1840.98	43.94	5	495	0	0	0	0	0
1844	1841.98	43.94	5	495	0	0	0	0	0
1845	1842.97	63.13	5	495	0	0	0	0	0
1846	1843.96	35.75	5	495	0	0	0	0	0
1847	1844.96	53.02	6	594	0	0	0	0	0
1848	1845.95	47.34	6	594	0	0	0	0	0
1849	1846.94	57.83	6	594	0	0	0	0	0
1850	1847.94	40.72	6	594	0	0	0	0	0
1851	1847.95	74.96	11	1089	0	0	0	0	0
1852	1847.99	63.43	11	1089	0	0	0	0	0
1853	1848.56	87.22	15	1185	285	0	0	0	0
1854	1849.54	63.47	27	2133	513	0	0	0	0
1855	1850.51	13.4	27	2133	513	0	0	0	0
1856	1851.49	28.34	30	2370	570	0	0	0	0
1857	1852.46	35.06	32	2528	608	0	0	0	0
1858	1853.44	22.23	33	2607	627	0	0	0	0
1859	1854.41	62.81	33	2607	627	0	0	0	0
1860	1855.39	40.65	30	2370	570	0	0	0	0
1861	1856.36	33.73	30	2370	570	0	0	0	0
1862	1857.34	44.03	30	2370	570	0	0	0	0
1863	1858.31	29.87	28	2212	532	0	0	0	0
1864	1859.29	14.37	28	2212	532	0	0	0	0
1865	1860.26	9.41	25	1975	475	0	0	0	0
1866	1861.23	15.31	25	1975	475	0	0	0	0
1867	1862.21	15.34	23	1817	437	0	0	0	0
1868	1863.18	13.66	23	1817	437	0	0	0	0
1869	1864.16	15.38	20	1580	380	0	0	0	0
1870	1865.13	33.41	20	1580	380	0	0	0	0
1871	1866.11	27.24	18	1422	342	0	0	0	0
1872	1867.08	15.21	18	1422	342	0	0	0	0
1873	1868.06	48.15	15	1185	285	0	0	0	0
1874	1869.03	42.48	15	1485	0	0	0	0	0
1875	1869.98	40.57	13	1287	0	0	0	0	0
1876	1870.89	15.33	13	1287	0	0	0	0	0
1877	1871.81	38.02	12	1188	0	0	0	0	0
1878	1872.73	43.37	10	990	0	0	0	0	0
1879	1873.65	98.76	10	990	0	0	0	0	0
1880	1874.57	78.44	10	990	0	0	0	0	0
1881	1875.49	99.93	9	891	0	0	0	0	0
1882	1876.41	77.92	9	891	0	0	0	0	0
1883	1877.33	60.4	9	891	0	0	0	0	0
1884	1878.8	32.21	10	990	0	0	0	0	0
1885	1878.95	55.86	9	891	0	0	0	0	0
1886	1879.85	82.09	8	792	0	0	0	0	0
1887	1880.75	11.5	8	792	0	0	0	0	0
1888	1881.65	105.27	9	891	0	0	0	0	0
1889	1882.55	61.55	9	891	0	0	0	0	0
1890	1883.45	35.27	10	790	0	0	0	0	0
1891	1884.34	32.6	10	790	0	0	0	0	0
1892	1885.24	95.93	9	711	0	0	0	0	0
1893	1886.14	30.54	9	711	0	0	0	0	0
1894	1887.04	41.82	9	711	0	0	0	0	0
1895	1887.94	7.71	10	790	0	0	0	0	0
1896	1888.84	10.39	9	711	0	0	0	0	0
1897	1889.74	14.43	10	790	0	0	0	0	0
1898	1890.64	32.33	9	711	0	0	0	0	0
1899	1891.53	67.29	9	711	0	0	0	0	0
1900	1892.43	118.12	9	711	0	0	0	0	0
1901	1893.33	19.58	10	990	0	0	0	0	0
1902	1894.23	82.83	9	891	0	0	0	0	0
1903	1895.13	88.42	10	990	0	0	0	0	0
1904	1896.03	53.82	10	990	0	0	0	0	0
1905	1896.93	105.56	8	792	0	0	0	0	0
1906	1897.83	52.26	8	792	0	0	0	0	0
1907	1898.72	54.55	8	792	0	0	0	0	0
1908	1899.62	74.93	8	792	0	0	0	0	0
1909	1900.52	48.18	8	792	0	0	0	0	0
1910	1901.42	99.74	10	990	0	0	0	0	0
1911	1902.32	68.23	10	990	0	0	0	0	0
1912	1903.22	67.65	10	990	0	0	0	0	0
1913	1904.12	41.78	10	990	0	0	0	0	0
1914	1905.02	26.58	12	1188	0	0	0	0	0
1915	1905.92	23.1	13	1287	0	0	0	0	0
1916	1903.54	31.71	7	693	0	0	0	0	0
1917	1904.31	30.36	7	693	0	0	0	0	0
1918	1905.09	16.97	7	693	0	0	0	0	0
1919	1905.87	21.22	7	693	0	0	0	0	0
1920	1906.65	31.57	22	1738	418	0	0	0	0
1921	1907.42	48.73	20	1580	380	0	0	0	0
1922	1908.2	30.48	22	1738	418	0	0	0	0
1923	1908.98	17.85	22	1738	418	0	0	0	0
1924	1909.76	29.96	21	1659	399	0	0	0	0
1925	1910.53	58.19	18	1782	0	0	0	0	0
1926	1911.31	48.17	18	1782	0	0	0	0	0
1927	1912.09	6.06	12	1188	0	0	0	0	0
1928	1912.87	4.14	12	1188	0	0	0	0	0
1929	1913.64	38.42	9	891	0	0	0	0	0
1930	1914.42	24.8	8	792	0	0	0	0	0
1931	1915.2	42.44	5	495	0	0	0	0	0
1932	1915.98	62.45	5	495	0	0	0	0	0
1933	1916.75	38.74	8	792	0	0	0	0	0
1934	1917.53	49.63	8	792	0	0	0	0	0
1935	1918.31	50.38	7	693	0	0	0	0	0
1936	1919.09	57.73	7	693	0	0	0	0	0
1937	1919.86	48.27	6	594	0	0	0	0	0
1938	1920.64	27.74	6	594	0	0	0	0	0
1939	1921.42	26.43	6	594	0	0	0	0	0
1940	1922.2	26.1	6	594	0	0	0	0	0
1941	1922.97	30.16	6	594	0	0	0	0	0
1942	1923.75	23.51	6	594	0	0	0	0	0
1943	1924.53	15.91	6	594	0	0	0	0	0
1944	1925.31	12.95	4	396	0	0	0	0	0
1945	1926.08	14.43	4	396	0	0	0	0	0
1946	1926.86	22.27	4	396	0	0	0	0	0
1947	1927.64	33.1	4	396	0	0	0	0	0
1948	1928.42	20.01	7	693	0	0	0	0	0
1949	1929.19	16.71	7	693	0	0	0	0	0
1950	1929.97	11.52	7	693	0	0	0	0	0
1951	1930.75	10.64	7	693	0	0	0	0	0
1952	1931.53	18.47	7	693	0	0	0	0	0
1953	1932.3	22.45	7	693	0	0	0	0	0
1954	1933.08	31.35	7	693	0	0	0	0	0
1955	1933.86	36.78	7	693	0	0	0	0	0
1956	1934.64	27.89	5	495	0	0	0	0	0
1957	1935.41	32.92	5	495	0	0	0	0	0
1958	1936.19	29.51	5	495	0	0	0	0	0
1959	1936.97	20.68	5	495	0	0	0	0	0
1960	1937.75	18.17	5	495	0	0	0	0	0
1961	1938.52	37.46	4	396	0	0	0	0	0
1962	1939.3	26.13	4	396	0	0	0	0	0
1963	1940.08	36.14	4	396	0	0	0	0	0
1964	1940.86	33.4	4	396	0	0	0	0	0
1965	1941.63	19.6	5	495	0	0	0	0	0
1966	1942.41	22.04	5	495	0	0	0	0	0
1967	1943.19	22.2	5	495	0	0	0	0	0
1968	1943.97	26.62	5	495	0	0	0	0	0
1969	1944.74	30.51	5	495	0	0	0	0	0
1970	1945.52	25.9	5	495	0	0	0	0	0
1971	1946.3	27.48	3	297	0	0	0	0	0
1972	1947.08	24.5	3	297	0	0	0	0	0
1973	1947.85	26.69	3	297	0	0	0	0	0
1974	1948.63	28.54	3	297	0	0	0	0	0
1975	1949.41	58	3	297	0	0	0	0	0
1976	1950.19	55.6	3	297	0	0	0	0	0
1977	1950.96	54.13	2	198	0	0	0	0	0
1978	1951.74	54	2	198	0	0	0	0	0
1979	1952.52	25.19	2	198	0	0	0	0	0
1980	1953.3	18.44	2	198	0	0	0	0	0
1981	1954.07	43.1	2	198	0	0	0	0	0
1982	1954.85	30.13	2	198	0	0	0	0	0
1983	1955.63	44.28	4	396	0	0	0	0	0
1984	1956.41	19.53	4	396	0	0	0	0	0
1985	1957.18	58.95	4	396	0	0	0	0	0
1986	1957.96	58.95	5	495	0	0	0	0	0
1987	1958.74	58.95	5	495	0	0	0	0	0
1988	1959.52	58.95	5	495	0	0	0	0	0
1989	1960.29	39.5	5	495	0	0	0	0	0
1990	1961.07	39.5	5	495	0	0	0	0	0
1991	1961.85	41.15	5	495	0	0	0	0	0
1992	1962.63	28.33	5	495	0	0	0	0	0
1993	1963.4	25.64	5	495	0	0	0	0	0
1994	1964.18	34.11	6	594	0	0	0	0	0
1995	1964.96	48.58	6	594	0	0	0	0	0
1996	1965.74	59.9	6	594	0	0	0	0	0
1997	1966.51	45.44	6	594	0	0	0	0	0
1998	1967.29	24.3	7	693	0	0	0	0	0
1999	1968.07	25.82	7	693	0	0	0	0	0
2000	1968.85	35.81	7	693	0	0	0	0	0
2001	1969.62	30.86	7	693	0	0	0	0	0
2002	1970.4	30.79	7	693	0	0	0	0	0
2003	1971.18	33.63	7	693	0	0	0	0	0
2004	1971.96	36.67	4	396	0	0	0	0	0
2005	1972.73	30.16	4	396	0	0	0	0	0
2006	1973.51	24.35	4	396	0	0	0	0	0
2007	1974.29	32	4	396	0	0	0	0	0
2008	1975.07	25.82	4	396	0	0	0	0	0
2009	1975.84	16.28	4	396	0	0	0	0	0
2010	1976.62	28.11	4	396	0	0	0	0	0
2011	1977.4	16.79	5	495	0	0	0	0	0
2012	1978.18	59.78	5	495	0	0	0	0	0
2013	1978.95	59.78	5	495	0	0	0	0	0
2014	1979.73	59.78	5	495	0	0	0	0	0
2015	1980.51	59.78	5	495	0	0	0	0	0
2016	1981.29	30.68	5	495	0	0	0	0	0
2017	1982.06	59.68	3	297	0	0	0	0	0
2018	1982.84	60.76	3	297	0	0	0	0	0
2019	1983.62	58.61	3	297	0	0	0	0	0
2020	1984.4	52.11	3	297	0	0	0	0	0
2021	1985.17	35.63	3	297	0	0	0	0	0
2022	1985.95	22.52	5	495	0	0	0	0	0
2023	1986.73	39.45	5	495	0	0	0	0	0
2024	1987.51	61.01	5	495	0	0	0	0	0
2025	1988.28	58.5	5	495	0	0	0	0	0
2026	1989.06	37.19	5	495	0	0	0	0	0
2027	1989.84	58.12	4	396	0	0	0	0	0
2028	1990.62	11.73	4	396	0	0	0	0	0
2029	1991.39	11.73	4	396	0	0	0	0	0
2030	1992.17	11.73	4	396	0	0	0	0	0
2031	1992.95	37.46	4	396	0	0	0	0	0
2032	1993.73	30.03	4	396	0	0	0	0	0
2033	1994.5	30.94	4	396	0	0	0	0	0
2034	1995.28	30.94	4	396	0	0	0	0	0
2035	1996.06	30.94	4	396	0	0	0	0	0
2036	1996.84	35.8	4	396	0	0	0	0	0
2037	1997.61	30.94	5	495	0	0	0	0	0
2038	1998.39	30.94	5	495	0	0	0	0	0
2039	1999.17	58.6	5	495	0	0	0	0	0
2040	1999.95	43.94	5	495	0	0	0	0	0
2041	2000.72	43.94	5	495	0	0	0	0	0
2042	2001.5	43.94	5	495	0	0	0	0	0
2043	2002.28	43.94	4	396	0	0	0	0	0
2044	2003.06	43.94	5	495	0	0	0	0	0
2045	2003.83	23.52	5	495	0	0	0	0	0
2046	2004.61	41.18	5	495	0	0	0	0	0
2047	2005.39	41.18	5	495	0	0	0	0	0
2048	2006.17	38.73	6	594	0	0	0	0	0
2049	2006.94	30.34	6	594	0	0	0	0	0
2050	2007.72	28.9	6	594	0	0	0	0	0
2051	2008.5	40.95	6	594	0	0	0	0	0
2052	2009.28	31.05	6	594	0	0	0	0	0
2053	2010.05	31.05	6	594	0	0	0	0	0
2054	2010.83	31.05	7	693	0	0	0	0	0
2055	2011.61	34.5	7	693	0	0	0	0	0
2056	2012.39	31.2	7	693	0	0	0	0	0
2057	2013.16	20.43	5	495	0	0	0	0	0
2058	2013.94	16.55	4	396	0	0	0	0	0
2059	2014.72	16.8	4	396	0	0	0	0	0
2060	2015.5	44.8	4	396	0	0	0	0	0
2061	2016.27	31.44	4	396	0	0	0	0	0
2062	2017.05	28.52	4	396	0	0	0	0	0
2063	2017.83	28.52	4	396	0	0	0	0	0
2064	2018.61	28.52	5	495	0	0	0	0	0
2065	2019.38	15.82	5	495	0	0	0	0	0
2066	2020.16	15.82	5	495	0	0	0	0	0
2067	2020.94	15.82	5	495	0	0	0	0	0
2068	2021.72	15.82	5	495	0	0	0	0	0
2069	2022.49	22.74	5	495	0	0	0	0	0
2070	2023.27	49.27	6	594	0	0	0	0	0
2071	2024.05	32.18	6	594	0	0	0	0	0
2072	2024.83	32.18	6	594	0	0	0	0	0
2073	2025.6	32.18	6	594	0	0	0	0	0
2074	2026.38	39.94	6	594	0	0	0	0	0
2075	2027.16	27.32	7	693	0	0	0	0	0
2076	2027.94	31.03	7	693	0	0	0	0	0
2077	2028.71	29.01	7	693	0	0	0	0	0
2078	2029.49	29.01	7	693	0	0	0	0	0
2079	2030.27	29.01	7	693	0	0	0	0	0
2080	2031.05	32.57	5	495	0	0	0	0	0
2081	2031.82	26.67	5	495	0	0	0	0	0
2082	2032.6	23.4	5	495	0	0	0	0	0
2083	2033.38	13.38	5	495	0	0	0	0	0
2084	2034.16	15.33	5	495	0	0	0	0	0
2085	2034.93	17.53	5	495	0	0	0	0	0
2086	2035.71	13.15	4	396	0	0	0	0	0
2087	2036.49	10.39	4	396	0	0	0	0	0
2088	2037.27	14.82	4	396	0	0	0	0	0
2089	2038.04	16.71	4	396	0	0	0	0	0
2090	2038.82	20.3	4	396	0	0	0	0	0
2091	2039.6	5.85	4	396	0	0	0	0	0
2092	2040.38	8.66	4	396	0	0	0	0	0
2093	2041.15	9.95	5	495	0	0	0	0	0
2094	2041.93	10.36	5	495	0	0	0	0	0
2095	2042.71	13.23	5	495	0	0	0	0	0
2096	2043.49	35.06	5	495	0	0	0	0	0
2097	2044.26	35.74	5	495	0	0	0	0	0
2098	2045.04	92.8	5	495	0	0	0	0	0
2099	2045.82	33.12	3	297	0	0	0	0	0
2100	2046.6	44.52	4	396	0	0	0	0	0
2101	2047.37	39.23	4	396	0	0	0	0	0
2102	2048.15	58.34	4	396	0	0	0	0	0
2103	2048.93	40.47	5	495	0	0	0	0	0
2104	2049.71	40.94	4	396	0	0	0	0	0
2105	2050.48	23.54	4	396	0	0	0	0	0
2106	2051.26	35.95	4	396	0	0	0	0	0
2107	2052.04	48.08	3	297	0	0	0	0	0
2108	2052.82	46.39	3	297	0	0	0	0	0
2109	2053.59	36.4	3	297	0	0	0	0	0
2110	2054.37	40.02	3	297	0	0	0	0	0
2111	2055.15	22.06	3	297	0	0	0	0	0
2112	2055.93	40.1	3	297	0	0	0	0	0
2113	2056.7	26.01	3	297	0	0	0	0	0
2114	2057.48	17.9	5	495	0	0	0	0	0
2115	2058.39	48.97	5	495	0	0	0	0	0
2116	2060.27	32.17	6	594	0	0	0	0	0
2117	2060.98	15.68	6	594	0	0	0	0	0
2118	2061.68	21.11	6	594	0	0	0	0	0
2119	2062.39	15.83	6	594	0	0	0	0	0
2120	2063.09	54.93	8	792	0	0	0	0	0
2121	2063.79	62.56	8	792	0	0	0	0	0
2122	2064.5	81.39	8	792	0	0	0	0	0
2123	2065.2	42.69	8	792	0	0	0	0	0
2124	2065.91	31.56	5	495	0	0	0	0	0
2125	2066.61	55.38	5	495	0	0	0	0	0
2126	2067.32	44.39	5	495	0	0	0	0	0
2127	2068.02	37.89	5	495	0	0	0	0	0
2128	2068.73	44.33	6	594	0	0	0	0	0
2129	2069.43	26.64	6	594	0	0	0	0	0
2130	2070.14	29	6	594	0	0	0	0	0
2131	2070.84	26.48	4	396	0	0	0	0	0
2132	2071.55	50.49	3	297	0	0	0	0	0
2133	1865	48.84	3	297	0	0	0	0	0
2134	2072.96	70.63	4	396	0	0	0	0	0
2135	2072.36	42.07	5	495	0	0	0	0	0
2136	2072.56	40.69	5	495	0	0	0	0	0
2137	2072.66	20.63	5	495	0	0	0	0	0
2138	2072.76	18.84	5	495	0	0	0	0	0
2139	2073.01	19.48	5	495	0	0	0	0	0
2140	2073.01	23.02	5	495	0	0	0	0	0
2141	2073.04	33.59	6	594	0	0	0	0	0
2142	2073.04	40.73	6	594	0	0	0	0	0
2143	2073.59	12.47	6	594	0	0	0	0	0
2144	2074.14	18.36	6	594	0	0	0	0	0
2145	2074.69	27.93	6	594	0	0	0	0	0
2146	2075.25	16.83	4	396	0	0	0	0	0
2147	2075.8	17.31	4	396	0	0	0	0	0
2148	2076.35	18.5	4	396	0	0	0	0	0
2149	2076.9	12.36	4	396	0	0	0	0	0
2150	2077.45	17.55	4	396	0	0	0	0	0
2151	2078.01	20.58	4	396	0	0	0	0	0
2152	2078.56	108.33	5	495	0	0	0	0	0
2153	2079.11	58.64	5	495	0	0	0	0	0
2154	2079.66	69.58	5	495	0	0	0	0	0
2155	2080.21	38.57	5	495	0	0	0	0	0
2156	2080.77	36.41	7	693	0	0	0	0	0
2157	2081.32	45.28	7	693	0	0	0	0	0
2158	2081.87	31.96	7	693	0	0	0	0	0
2159	2082.42	27.67	7	693	0	0	0	0	0
2160	2082.97	29.77	7	693	0	0	0	0	0
2161	2083.53	30.04	5	495	0	0	0	0	0
2162	2084.08	27.62	5	495	0	0	0	0	0
2163	2084.63	15.63	5	495	0	0	0	0	0
2164	2085.18	37.37	5	495	0	0	0	0	0
2165	2085.73	13.95	5	495	0	0	0	0	0
2166	2086.29	5.66	5	495	0	0	0	0	0
2167	2086.84	3.06	5	495	0	0	0	0	0
2168	2087.39	6.97	3	297	0	0	0	0	0
2169	2087.94	16.08	3	297	0	0	0	0	0
2170	2088.49	18.46	3	297	0	0	0	0	0
2171	2089.05	21.78	3	297	0	0	0	0	0
2172	2089.6	24.25	3	297	0	0	0	0	0
2173	2090.15	24.96	5	495	0	0	0	0	0
2174	2090.7	21.99	5	495	0	0	0	0	0
2175	2091.26	16.19	5	495	0	0	0	0	0
2176	2091.81	29.75	5	495	0	0	0	0	0
2177	2092.36	20.8	7	693	0	0	0	0	0
2178	2092.91	20.57	7	693	0	0	0	0	0
2179	2093.46	15.28	7	693	0	0	0	0	0
2180	2094.02	15.81	7	693	0	0	0	0	0
2181	2094.57	15.01	7	693	0	0	0	0	0
2182	2095.12	15.86	9	891	0	0	0	0	0
2183	2095.67	15.65	9	891	0	0	0	0	0
2184	2096.22	16.46	7	693	0	0	0	0	0
2185	2096.78	72.26	8	792	0	0	0	0	0
2186	2097.33	94.18	5	495	0	0	0	0	0
2187	2097.88	50.33	4	396	0	0	0	0	0
2188	2098.43	34.31	4	396	0	0	0	0	0
2189	2098.98	21.8	4	396	0	0	0	0	0
2190	2099.54	23.19	5	495	0	0	0	0	0
2191	2100.09	22.52	5	495	0	0	0	0	0
2192	2100.64	32.99	5	495	0	0	0	0	0
2193	2101.19	32.14	5	495	0	0	0	0	0
2194	2101.74	31.26	4	396	0	0	0	0	0
2195	2102.3	35.65	4	396	0	0	0	0	0
2196	2102.85	30.02	4	396	0	0	0	0	0
2197	2103.4	38.77	6	594	0	0	0	0	0
2198	2103.95	24.77	6	594	0	0	0	0	0
2199	2104.5	34.72	6	594	0	0	0	0	0
2200	2105.06	38.27	6	594	0	0	0	0	0
2201	2105.61	42.77	6	594	0	0	0	0	0
2202	2106.16	25.12	6	594	0	0	0	0	0
2203	2106.71	34.5	6	594	0	0	0	0	0
2204	2107.26	21.2	6	594	0	0	0	0	0
2205	2107.82	25.42	6	594	0	0	0	0	0
2206	2108.37	24.03	4	396	0	0	0	0	0
2207	2108.92	18.57	4	396	0	0	0	0	0
2208	2109.47	36.53	4	396	0	0	0	0	0
2209	2110.02	25.94	4	396	0	0	0	0	0
2210	2110.58	30.32	4	396	0	0	0	0	0
2211	2111.13	22.75	4	396	0	0	0	0	0
2212	2111.68	44.3	4	396	0	0	0	0	0
2213	2112.23	26.92	4	396	0	0	0	0	0
2214	2112.78	38.47	3	297	0	0	0	0	0
2215	2113.34	43.96	3	297	0	0	0	0	0
2216	2113.89	24.82	3	297	0	0	0	0	0
2217	2114.44	54.73	3	297	0	0	0	0	0
2218	2114.99	68.92	3	297	0	0	0	0	0
2219	2115.54	71.27	3	297	0	0	0	0	0
2220	2116.1	63.44	3	297	0	0	0	0	0
2221	2116.65	33.56	3	297	0	0	0	0	0
2222	2117.2	61.91	3	297	0	0	0	0	0
2223	2117.75	37.23	5	495	0	0	0	0	0
2224	2118.3	48.65	5	495	0	0	0	0	0
2225	2118.86	49.93	5	495	0	0	0	0	0
2226	2119.41	36.36	5	495	0	0	0	0	0
2227	2119.96	36.42	5	495	0	0	0	0	0
2228	2120.51	37.76	5	495	0	0	0	0	0
2229	2120.94	34.39	5	495	0	0	0	0	0
2230	2121.45	32.6	5	495	0	0	0	0	0
2231	2121.97	33.08	5	495	0	0	0	0	0
2232	2122.49	23.84	4	396	0	0	0	0	0
2233	2123.01	30.42	4	396	0	0	0	0	0
2234	2123.52	29.37	4	396	0	0	0	0	0
2235	2124.04	26.91	4	396	0	0	0	0	0
2236	2124.56	24.48	4	396	0	0	0	0	0
2237	2125.07	24.93	4	396	0	0	0	0	0
2238	2125.59	21.97	6	594	0	0	0	0	0
2239	2126.11	54.8	6	594	0	0	0	0	0
2240	2126.63	41.05	6	594	0	0	0	0	0
2241	2127.14	39.53	6	594	0	0	0	0	0
2242	2127.66	49.34	6	594	0	0	0	0	0
2243	2128.18	49.81	6	594	0	0	0	0	0
2244	2128.69	49.98	6	594	0	0	0	0	0
2245	2129.21	39.78	7	693	0	0	0	0	0
2246	2129.73	47.16	7	693	0	0	0	0	0
2247	2130.25	34.79	7	693	0	0	0	0	0
2248	2130.76	41.41	7	693	0	0	0	0	0
2249	2131.28	49.46	7	693	0	0	0	0	0
2250	2131.8	49.74	7	693	0	0	0	0	0
2251	2132.31	44.19	6	594	0	0	0	0	0
2252	2132.83	36.89	6	594	0	0	0	0	0
2253	2133.35	39.18	6	594	0	0	0	0	0
2254	2133.87	38.13	6	594	0	0	0	0	0
2255	2134.38	31.16	6	594	0	0	0	0	0
2256	2134.9	30.29	6	594	0	0	0	0	0
2257	2135.42	35.35	6	594	0	0	0	0	0
2258	2135.94	34.24	6	594	0	0	0	0	0
2259	2136.45	26.67	6	594	0	0	0	0	0
2260	2136.97	28.66	5	495	0	0	0	0	0
2261	2137.49	30.94	5	495	0	0	0	0	0
2262	2138	10.86	5	495	0	0	0	0	0
2263	2138.52	16.06	5	495	0	0	0	0	0
2264	2139.04	17.82	5	495	0	0	0	0	0
2265	2139.56	22.56	5	495	0	0	0	0	0
2266	2140.07	15.7	5	495	0	0	0	0	0
2267	2140.59	16.29	5	495	0	0	0	0	0
2268	2141.11	40.77	7	693	0	0	0	0	0
2269	2141.62	41.52	7	693	0	0	0	0	0
2270	2142.14	41.52	7	693	0	0	0	0	0
2271	2142.66	40.12	6	594	0	0	0	0	0
2272	2143.18	40.12	6	594	0	0	0	0	0
2273	2143.69	39.54	6	594	0	0	0	0	0
2274	2144.21	43.13	6	594	0	0	0	0	0
2275	2144.73	42.16	6	594	0	0	0	0	0
2276	2145.24	44.21	6	594	0	0	0	0	0
2277	2145.76	45.62	7	693	0	0	0	0	0
2278	2146.28	45.62	7	693	0	0	0	0	0
2279	2146.8	37.6	7	693	0	0	0	0	0
2280	2147.31	46.87	7	693	0	0	0	0	0
2281	2147.83	39.6	7	693	0	0	0	0	0
2282	2148.35	40.92	7	693	0	0	0	0	0
2283	2148.87	32.19	7	693	0	0	0	0	0
2284	2149.38	45.7	7	693	0	0	0	0	0
2285	2149.9	32.39	6	594	0	0	0	0	0
2286	2150.42	27.45	6	594	0	0	0	0	0
2287	2150.93	41.03	6	594	0	0	0	0	0
2288	2151.45	37.54	6	594	0	0	0	0	0
2289	2151.97	32.87	6	594	0	0	0	0	0
2290	2152.49	35.06	4	396	0	0	0	0	0
2291	2153	30.15	4	396	0	0	0	0	0
2292	2153.52	48.04	4	396	0	0	0	0	0
2293	2154.04	39.04	4	396	0	0	0	0	0
2294	2154.55	39.04	4	396	0	0	0	0	0
2295	2155.07	24.82	4	396	0	0	0	0	0
2296	2155.59	24.82	4	396	0	0	0	0	0
2297	2156.11	36.58	5	495	0	0	0	0	0
2298	2156.62	33.33	5	495	0	0	0	0	0
2299	2157.14	33.33	5	495	0	0	0	0	0
2300	2157.66	33.33	5	495	0	0	0	0	0
2301	2158.18	33.33	5	495	0	0	0	0	0
2302	2158.69	48.3	5	495	0	0	0	0	0
2303	2159.21	44.65	6	594	0	0	0	0	0
2304	2159.73	38.14	6	594	0	0	0	0	0
2305	2160.24	34.11	6	594	0	0	0	0	0
2306	2160.76	33.5	6	594	0	0	0	0	0
2307	2161.28	33.5	6	594	0	0	0	0	0
2308	2161.8	29.56	6	594	0	0	0	0	0
2309	2162.31	31.96	6	594	0	0	0	0	0
2310	2162.83	34.68	4	396	0	0	0	0	0
2311	2163.35	34.8	4	396	0	0	0	0	0
2312	2163.86	29.92	4	396	0	0	0	0	0
2313	2164.38	36.57	4	396	0	0	0	0	0
2314	2164.9	23.73	4	396	0	0	0	0	0
2315	2165.42	24.57	4	396	0	0	0	0	0
2316	2165.93	21.64	4	396	0	0	0	0	0
2317	2166.45	21.64	4	396	0	0	0	0	0
2318	2166.97	32.37	5	495	0	0	0	0	0
2319	2167.48	16.98	5	495	0	0	0	0	0
2320	2168	15.91	5	495	0	0	0	0	0
2321	2168.52	15.91	5	495	0	0	0	0	0
2322	2169.04	15.91	5	495	0	0	0	0	0
2323	2169.55	24.22	5	495	0	0	0	0	0
2324	2170.07	29.46	6	594	0	0	0	0	0
2325	2170.59	29.46	6	594	0	0	0	0	0
2326	2171.11	40.05	6	594	0	0	0	0	0
2327	2171.62	41.98	6	594	0	0	0	0	0
2328	2172.14	29.91	6	594	0	0	0	0	0
2329	2172.66	13.96	6	594	0	0	0	0	0
2330	2173.17	28.62	6	594	0	0	0	0	0
2331	2173.69	33.45	4	396	0	0	0	0	0
2332	2174.21	41.3	4	396	0	0	0	0	0
2333	2174.73	18.31	4	396	0	0	0	0	0
2334	2175.24	21.9	5	495	0	0	0	0	0
2335	2175.76	11.02	5	495	0	0	0	0	0
2336	2176.28	10.91	5	495	0	0	0	0	0
2337	2176.79	21.82	5	495	0	0	0	0	0
2338	2177.31	24.05	5	495	0	0	0	0	0
2339	2177.83	14.65	5	495	0	0	0	0	0
2340	2178.35	16.38	5	495	0	0	0	0	0
2341	2178.86	10.03	3	297	0	0	0	0	0
2342	2179.38	10.03	3	297	0	0	0	0	0
2343	2179.9	10.19	3	297	0	0	0	0	0
2344	2180.42	19.83	3	297	0	0	0	0	0
2345	2180.93	17.1	3	297	0	0	0	0	0
2346	2181.45	18.58	3	297	0	0	0	0	0
2347	2181.97	14.56	3	297	0	0	0	0	0
2348	2182.48	14.56	3	297	0	0	0	0	0
2349	2183	14.56	2	198	0	0	0	0	0
2350	2183.52	14.56	2	198	0	0	0	0	0
2351	2184.04	14.56	2	198	0	0	0	0	0
2352	2184.55	23.5	2	198	0	0	0	0	0
2353	2185.07	23.5	2	198	0	0	0	0	0
2354	2185.59	23.5	2	198	0	0	0	0	0
2355	2186.1	23.5	2	198	0	0	0	0	0
2356	2186.62	24.2	2	198	0	0	0	0	0
2357	2187.14	24.2	4	396	0	0	0	0	0
2358	2187.66	24.2	4	396	0	0	0	0	0
2359	2188.17	23.1	4	396	0	0	0	0	0
2360	2188.69	23.1	4	396	0	0	0	0	0
2361	2189.21	23.1	4	396	0	0	0	0	0
2362	2189.72	23.1	4	396	0	0	0	0	0
2363	2190.24	22.08	5	495	0	0	0	0	0
2364	2190.76	14.88	5	495	0	0	0	0	0
2365	2191.28	20.45	5	495	0	0	0	0	0
2366	2191.79	20.84	5	495	0	0	0	0	0
2367	2192.31	22.71	5	495	0	0	0	0	0
2368	2192.83	19.72	5	495	0	0	0	0	0
2369	2193.35	15.82	6	594	0	0	0	0	0
2370	2193.86	17.45	6	594	0	0	0	0	0
2371	2194.38	13.33	6	594	0	0	0	0	0
2372	2194.9	9.55	6	594	0	0	0	0	0
2373	2195.41	13.07	6	594	0	0	0	0	0
2374	2195.93	10.52	6	594	0	0	0	0	0
2375	2196.45	12.51	6	594	0	0	0	0	0
2376	2196.97	11.3	6	594	0	0	0	0	0
2377	2197.48	17.5	6	594	0	0	0	0	0
2378	2198	29.92	6	594	0	0	0	0	0
2379	2198.52	29.94	6	594	0	0	0	0	0
2380	2199.03	26.25	4	396	0	0	0	0	0
2381	2199.55	28.59	4	396	0	0	0	0	0
2382	2200.07	19.53	4	396	0	0	0	0	0
2383	2200.59	22.26	4	396	0	0	0	0	0
2384	2201.1	53.16	4	396	0	0	0	0	0
2385	2201.62	127.31	4	396	0	0	0	0	0
2386	2202.14	106.8	4	396	0	0	0	0	0
2387	2202.65	72.03	4	396	0	0	0	0	0
2388	2203.17	75.75	5	495	0	0	0	0	0
2389	2203.69	48.88	5	495	0	0	0	0	0
2390	2204.21	40.9	5	495	0	0	0	0	0
2391	2204.72	32.37	5	495	0	0	0	0	0
2392	2205.24	72.12	5	495	0	0	0	0	0
2393	2205.76	34.35	5	495	0	0	0	0	0
2394	2206.28	66.5	6	594	0	0	0	0	0
2395	2206.79	51.85	6	594	0	0	0	0	0
2396	2207.31	67.2	6	594	0	0	0	0	0
2397	2207.83	65	6	594	0	0	0	0	0
2398	2208.34	65.58	6	594	0	0	0	0	0
2399	2208.86	84.5	6	594	0	0	0	0	0
2400	2209.38	59.95	6	594	0	0	0	0	0
2401	2209.9	84.19	4	396	0	0	0	0	0
2402	2210.41	52.73	4	396	0	0	0	0	0
2403	2210.93	69.42	4	396	0	0	0	0	0
2404	2211.45	39.86	5	495	0	0	0	0	0
2405	2211.96	38.72	5	495	0	0	0	0	0
2406	2212.48	61.16	5	495	0	0	0	0	0
2407	2213	54.06	5	495	0	0	0	0	0
2408	2213.52	40.33	5	495	0	0	0	0	0
2409	2214.03	35.99	5	495	0	0	0	0	0
2410	2214.55	52.19	5	495	0	0	0	0	0
2411	2215.07	51.19	10	990	0	0	0	0	0
2412	2215.59	84.96	12	1188	0	0	0	0	0
2413	2216.1	80.3	12	1188	0	0	0	0	0
2414	2216.62	77.81	12	1188	0	0	0	0	0
2415	2217.14	59.15	13	1287	0	0	0	0	0
2416	2217.65	30.39	18	1782	0	0	0	0	0
2417	2218.17	72.35	19	1881	0	0	0	0	0
2418	2218.69	64.05	20	1980	0	0	0	0	0
2419	2219.21	67.5	21	2079	0	0	0	0	0
2420	2219.72	87.42	21	2079	0	0	0	0	0
2421	2220.24	71.99	20	1980	0	0	0	0	0
2422	2220.76	97.2	22	2178	0	0	0	0	0
2423	2221.27	82.75	19	1881	0	0	0	0	0
2424	2221.79	70	18	1782	0	0	0	0	0
2425	2222.31	71	15	1485	0	0	0	0	0
2426	2222.83	99.66	15	1485	0	0	0	0	0
2427	2223.34	59.12	13	1287	0	0	0	0	0
2428	2223.88	83.48	9	891	0	0	0	0	0
2429	2224.4	62.37	7	693	0	0	0	0	0
2430	2224.92	43.67	7	693	0	0	0	0	0
2431	2225.44	49.25	13	1287	0	0	0	0	0
2432	2225.96	55.26	13	1287	0	0	0	0	0
2433	2226.49	48.68	14	1386	0	0	0	0	0
2434	2227.01	50.8	11	1089	0	0	0	0	0
2435	2227.53	48.62	14	1386	0	0	0	0	0
2436	2228.05	37.74	14	1386	0	0	0	0	0
2437	2228.57	42.13	13	1287	0	0	0	0	0
2438	2229.1	25.25	11	1089	0	0	0	0	0
2439	2229.62	29.7	11	1089	0	0	0	0	0
2440	2230.14	30.46	10	990	0	0	0	0	0
2441	2230.66	45.89	11	1089	0	0	0	0	0
2442	2231.18	35.28	9	891	0	0	0	0	0
2443	2231.71	46.61	9	891	0	0	0	0	0
2444	2232.23	40.68	8	792	0	0	0	0	0
2445	2232.75	43.8	9	891	0	0	0	0	0
2446	2233.27	29.54	9	891	0	0	0	0	0
2447	2233.8	31.42	9	891	0	0	0	0	0
2448	2234.32	33.65	9	891	0	0	0	0	0
2449	2234.84	30.04	10	990	0	0	0	0	0
2450	2235.36	34.62	10	990	0	0	0	0	0
2451	2235.88	40.64	13	1287	0	0	0	0	0
2452	2236.41	40.67	15	1485	0	0	0	0	0
2453	2236.93	39.37	17	1683	0	0	0	0	0
2454	2237.45	40.88	19	1881	0	0	0	0	0
2455	2237.97	28.16	20	1980	0	0	0	0	0
2456	2238.49	31.32	21	2079	0	0	0	0	0
2457	2239.02	33.93	21	2079	0	0	0	0	0
2458	2239.54	65.97	18	1782	0	0	0	0	0
2459	2240.06	66	18	1782	0	0	0	0	0
2460	2240.58	79.3	20	1980	0	0	0	0	0
2461	2241.1	50.81	25	2475	0	0	0	0	0
2462	2241.63	53.35	30	2970	0	0	0	0	0
2463	2242.15	49.15	35	3465	0	0	0	0	0
2464	2242.67	61.91	49	4851	0	0	0	0	0
2465	2243.19	51.42	54	5346	0	0	0	0	0
2466	2243.72	82.72	60	5940	0	0	0	0	0
2467	2244.24	69.45	74	7326	0	0	0	0	0
2468	2244.76	28.2	81	8019	0	0	0	0	0
2469	2245.28	53.15	82	8118	0	0	0	0	0
2470	2245.8	36.98	81	8019	0	0	0	0	0
2471	2246.33	36.26	79	7821	0	0	0	0	0
2472	2246.85	47.42	68	6732	0	0	0	0	0
2473	2247.37	44.8	45	4455	0	0	0	0	0
2474	2247.89	46.88	35	3465	0	0	0	0	0
2475	2248.41	41.74	30	2970	0	0	0	0	0
2476	2248.94	29.37	25	2475	0	0	0	0	0
2477	2249.46	38.58	25	2475	0	0	0	0	0
2478	2249.98	31.65	20	1980	0	0	0	0	0
2479	2250.5	28.81	20	1980	0	0	0	0	0
2480	2251.02	33.69	20	1980	0	0	0	0	0
2481	2251.55	35.38	20	1980	0	0	0	0	0
2482	2252.07	32.86	20	1980	0	0	0	0	0
2483	2252.59	31.03	20	1980	0	0	0	0	0
2484	2253.11	35.36	25	2475	0	0	0	0	0
2485	2253.64	34.18	25	2475	0	0	0	0	0
2486	2254.1	32.47	28	2772	0	0	0	0	0
2487	2254.12	33.45	28	2772	0	0	0	0	0
2488	2254.64	38.77	28	2772	0	0	0	0	0
2489	2255.17	34.1	25	2475	0	0	0	0	0
2490	2255.69	28.79	20	1980	0	0	0	0	0
2491	2256.21	31.23	20	1980	0	0	0	0	0
2492	2256.74	42.94	20	1980	0	0	0	0	0
2493	2257.26	42.66	15	1485	0	0	0	0	0
2494	2257.78	49.07	15	1485	0	0	0	0	0
2495	2258.31	49.84	10	990	0	0	0	0	0
2496	2032.77	25.82	10	990	0	0	0	0	0
2497	2259.02	35.26	10	990	0	0	0	0	0
2498	2259.54	35.65	9	891	0	0	0	0	0
2499	2260.07	52.54	9	891	0	0	0	0	0
2500	2260.59	52.81	9	891	0	0	0	0	0
2501	2261.11	60.31	9	891	0	0	0	0	0
2502	2261.63	52.38	9	891	0	0	0	0	0
2503	2262.15	46.04	8	792	0	0	0	0	0
2504	2262.67	51.17	8	792	0	0	0	0	0
2505	2263.19	37.14	8	792	0	0	0	0	0
2506	2263.73	21.64	8	792	0	0	0	0	0
2507	2264.23	4.59	9	891	0	0	0	0	0
2508	2264.76	20.86	9	891	0	0	0	0	0
2509	2265.28	39.8	9	891	0	0	0	0	0
2510	2265.8	30.6	7	693	0	0	0	0	0
2511	2266.18	13.4	7	693	0	0	0	0	0
2512	2266.28	12.6	7	693	0	0	0	0	0
2513	2040.54	25.7	7	693	0	0	0	0	0
2514	2267.89	39.4	7	693	0	0	0	0	0
2515	2268.41	38.46	7	693	0	0	0	0	0
2516	2268.93	33.88	6	594	0	0	0	0	0
2517	2269.45	34.55	6	594	0	0	0	0	0
2518	2269.97	21.61	6	594	0	0	0	0	0
2519	2270.49	28.13	6	594	0	0	0	0	0
2520	2271.02	24.55	6	594	0	0	0	0	0
2521	2271.54	27.28	8	792	0	0	0	0	0
2522	2272.06	25.24	10	990	0	0	0	0	0
2523	2272.58	29.04	12	1188	0	0	0	0	0
2524	2273.1	19.39	12	1188	0	0	0	0	0
2525	2273.62	15.26	10	990	0	0	0	0	0
2526	2274.15	10.02	8	792	0	0	0	0	0
2527	2274.67	10.02	7	693	0	0	0	0	0
2528	2275.19	15.6	7	693	0	0	0	0	0
2529	2275.71	15.6	6	594	0	0	0	0	0
2530	2276.23	22.6	6	594	0	0	0	0	0
2531	2276.75	22.6	6	594	0	0	0	0	0
2532	2277.27	29.67	8	792	0	0	0	0	0
2533	2277.8	27.4	8	792	0	0	0	0	0
2534	2278.32	24.96	8	792	0	0	0	0	0
2535	2278.84	25.5	8	792	0	0	0	0	0
2536	2279.36	26.75	8	792	0	0	0	0	0
2537	2279.88	27.36	7	693	0	0	0	0	0
2538	2280.4	26.57	6	594	0	0	0	0	0
2539	2280.92	26.57	6	594	0	0	0	0	0
2540	2281.44	26.5	5	495	0	0	0	0	0
2541	2281.96	36.5	5	495	0	0	0	0	0
2542	2282.48	27.6	5	495	0	0	0	0	0
2543	2283	35.2	5	495	0	0	0	0	0
2544	2283.52	35.2	6	594	0	0	0	0	0
2545	2284.04	27.4	6	594	0	0	0	0	0
2546	2284.56	27.4	6	594	0	0	0	0	0
2547	2285.08	27.4	6	594	0	0	0	0	0
2548	2285.6	10.34	6	594	0	0	0	0	0
2549	2286.12	10.42	6	594	0	0	0	0	0
2550	2286.64	11.84	6	594	0	0	0	0	0
2551	2287.16	11.84	5	495	0	0	0	0	0
2552	2287.68	18.3	5	495	0	0	0	0	0
2553	2288.2	18.3	5	495	0	0	0	0	0
2554	2308.55	18.3	6	594	0	0	0	0	0
2555	2309.55	25.7	7	693	0	0	0	0	0
2556	2310.55	25.7	7	693	0	0	0	0	0
2557	2311.55	25.7	7	693	0	0	0	0	0
2558	2311.55	25.7	7	693	0	0	0	0	0
2559	2311.55	37.69	7	693	0	0	0	0	0
2560	2314.55	38.18	9	891	0	0	0	0	0
2561	2315.55	39.37	8	792	0	0	0	0	0
2562	2316.55	42.39	8	792	0	0	0	0	0
2563	2317.55	42.39	9	891	0	0	0	0	0
2564	2318.55	25.78	9	891	0	0	0	0	0
2565	2319.55	25.78	8	792	0	0	0	0	0
2566	2320.55	31.92	9	891	0	0	0	0	0
2567	2321.55	28.02	8	792	0	0	0	0	0
2568	2322.55	23.28	12	1188	0	0	0	0	0
2569	2323.55	31.04	16	1584	0	0	0	0	0
2570	2324.55	31.04	20	1980	0	0	0	0	0
2571	2325.55	32.8	29	2871	0	0	0	0	0
2572	2326.55	32.8	25	2475	0	0	0	0	0
2573	2327.55	32.8	17	1683	0	0	0	0	0
2574	2328.55	40.2	12	1188	0	0	0	0	0
2575	2329.55	40.2	10	990	0	0	0	0	0
2576	2330.55	40.2	9	891	0	0	0	0	0
2577	2331.55	41.21	9	891	0	0	0	0	0
2578	2332.55	31.4	9	891	0	0	0	0	0
2579	2333.55	24.83	9	891	0	0	0	0	0
2580	2334.55	18.91	7	693	0	0	0	0	0
2581	2335.55	26.85	8	792	0	0	0	0	0
2582	2336.55	39.32	8	792	0	0	0	0	0
2583	2337.55	39.32	8	792	0	0	0	0	0
2584	2338.55	39.32	8	792	0	0	0	0	0
2585	2339.55	39.32	8	792	0	0	0	0	0
2586	2340.55	25.96	9	891	0	0	0	0	0
2587	2341.55	28.08	9	891	0	0	0	0	0
2588	2342.55	26.02	9	891	0	0	0	0	0
2589	2343.55	26.02	10	990	0	0	0	0	0
2590	2344.55	29.02	10	990	0	0	0	0	0
2591	2345.55	26.02	10	990	0	0	0	0	0
2592	2345.55	21.24	10	990	0	0	0	0	0
2593	2345.55	18.35	9	891	0	0	0	0	0
2594	2345.55	16.3	9	891	0	0	0	0	0
2595	2345.55	16.18	9	891	0	0	0	0	0
2596	2345.55	16.18	9	891	0	0	0	0	0
2597	2345.55	16.18	9	891	0	0	0	0	0
2598	2345.55	16.18	11	1089	0	0	0	0	0
2599	2345.55	36.32	11	1089	0	0	0	0	0
2600	2345.55	36.32	11	1089	0	0	0	0	0
2601	2345.55	36.32	12	1188	0	0	0	0	0
2602	2345.55	36.32	12	1188	0	0	0	0	0
2603	2345.55	39.7	12	1188	0	0	0	0	0
2604	2345.55	39.7	13	1287	0	0	0	0	0
2605	2345.55	39.7	14	1386	0	0	0	0	0
2606	2345.55	39.7	13	1287	0	0	0	0	0
2607	2345.55	39.7	12	1188	0	0	0	0	0
2608	2345.55	39.7	8	792	0	0	0	0	0
2609	2345.55	36.32	8	792	0	0	0	0	0
2610	2345.55	49.98	8	792	0	0	0	0	0
2611	2345.55	35.4	9	891	0	0	0	0	0
2612	2345.55	35.4	9	891	0	0	0	0	0
2613	2345.55	38.2	9	891	0	0	0	0	0
2614	2345.55	37.29	9	891	0	0	0	0	0
2615	2345.55	38.72	10	990	0	0	0	0	0
2616	2345.55	36.56	11	1089	0	0	0	0	0
2617	2345.55	34.31	12	1188	0	0	0	0	0
2618	2345.55	29.39	11	1089	0	0	0	0	0
2619	2345.55	32.32	11	1089	0	0	0	0	0
2620	2345.55	36.45	11	1089	0	0	0	0	0
2621	2345.55	36.45	10	990	0	0	0	0	0
2622	2345.55	36.45	10	990	0	0	0	0	0
2623	2345.55	36.62	10	990	0	0	0	0	0
2624	2345.55	48.14	9	891	0	0	0	0	0
2625	2345.55	48.14	9	891	0	0	0	0	0
2626	2345.55	43.7	9	891	0	0	0	0	0
2627	2345.55	43.7	9	891	0	0	0	0	0
2628	2345.55	43.7	9	891	0	0	0	0	0
2629	2345.55	43.7	8	792	0	0	0	0	0
2630	2345.55	35.68	8	792	0	0	0	0	0
2631	2345.55	23.39	8	792	0	0	0	0	0
2632	2345.55	23.39	8	792	0	0	0	0	0
2633	2345.55	23.39	8	792	0	0	0	0	0
2634	2345.55	23.39	6	594	0	0	0	0	0
2635	2345.55	23.39	6	594	0	0	0	0	0
2636	2345.55	23.39	6	594	0	0	0	0	0
2637	2345.55	23.39	8	792	0	0	0	0	0
2638	2345.55	26.5	8	792	0	0	0	0	0
2639	2345.55	33.6	8	792	0	0	0	0	0
2640	2345.55	33.6	7	588	77	0	0	0	0	
2641	2345.55	61.25	7	588	77	0	0	0	0	
2642	2345.55	56.67	7	588	77	0	0	0	0	
2643	2345.55	65.1	7	588	77	0	0	0	0	
2644	2345.55	70.46	10	840	110	0	0	0	0	
2645	2345.55	63.06	10	840	110	0	0	0	0	
2646	2345.55	51.41	10	840	110	0	0	0	0	
2647	2345.55	13.87	10	840	110	0	0	0	0	
2648	2345.55	78.49	12	1008	132	0	0	0	0	
2649	2345.55	52.88	12	1008	132	0	0	0	0	
2650	2345.55	47.16	13	1092	143	0	0	0	0	
2651	2384.6	55.8	28	2352	308	0	0	0	0
2652	2385.31	41.88	51	4284	561	0	0	0	0
2653	2386.02	52.85	79	6636	869	0	0	0	0
2654	2386.72	79.4	123	10332	1353	0	0	0	0
2655	2387.41	81.65	156	13104	1716	0	0	0	0
2656	2149.33	47.24	209	17556	2299	0	0	0	0
2657	2388.84	60.82	223	18732	2453	0	0	0	0
2658	2389.55	40.25	221	18564	2431	0	0	0	0
2659	2390.26	22.81	220	18480	2420	0	0	0	0
2660	2390.96	28.37	215	16555	3870	645	0	0	0
2661	2391.67	28.05	200	15400	3600	600	0	0	0
2662	2392.38	24.14	197	15169	3546	591	0	0	0
2663	2393.08	22.87	194	14938	3492	582	0	0	0
2664	2393.79	24.63	190	14630	3420	570	0	0	0
2665	2394.49	30.12	180	13860	3240	540	0	0	0
2666	2395.2	33.22	160	12320	2880	480	0	0	0
2667	2395.91	110.76	150	11550	2700	450	0	0	0
2668	2396.61	82.9	130	10010	2340	390	0	0	0
2669	2397.32	55.76	120	9240	2160	360	0	0	0
2670	2398.03	50.48	110	8470	1980	330	0	0	0
2671	2398.73	26.09	120	9240	2160	360	0	0	0
2672	2399.44	60.78	160	12320	2880	480	0	0	0
2673	2400.15	43.52	180	13860	3240	540	0	0	0
2674	2400.85	25.39	199	15323	3582	597	0	0	0
2675	2401.56	27.38	199	15323	3582	597	0	0	0
2676	2402.27	32.04	210	16170	3780	630	0	0	0
2677	2402.97	29.55	229	17633	4122	687	0	0	0
2678	2403.68	41.23	252	19404	4536	756	0	0	0
2679	2404.39	23.05	262	20174	4716	786	0	0	0
2680	2405.09	43.46	286	22022	5148	858	0	0	0
2681	2405.8	33.83	275	21175	4950	825	0	0	0
2682	2406.51	31.99	250	19250	4500	750	0	0	0
2683	2407.21	38.22	256	19712	4608	768	0	0	0
2684	2407.92	32.22	258	19866	4644	774	0	0	0
2685	2408.62	36.35	272	20944	4896	816	0	0	0
2686	2409.33	35.11	281	21637	5058	843	0	0	0
2687	2410.04	27.85	271	20867	4878	813	0	0	0
2688	2410.74	33.57	200	15400	3600	600	0	0	0
2689	2411.45	46.2	180	13860	3240	540	0	0	0
2690	2412.16	43.37	175	13475	3150	525	0	0	0
2691	2412.86	35.75	180	13860	3240	540	0	0	0
2692	2413.57	29.69	180	13860	3240	540	0	0	0
2693	2414.28	28.89	185	14245	3330	555	0	0	0
2694	2414.98	37.2	190	14630	3420	570	0	0	0
2695	2415.69	94.64	210	16170	3780	630	0	0	0
2696	2416.4	82.47	220	16940	3960	660	0	0	0
2697	2417.1	67.53	222	17094	3996	666	0	0	0
2698	2417.81	52.6	240	18480	4320	720	0	0	0
2699	2418.52	61.45	235	18095	4230	705	0	0	0
2700	2419.22	42.52	190	14630	3420	570	0	0	0
2701	2419.93	44.23	235	18095	4230	705	0	0	0
2702	2420.63	43.16	220	16940	3960	660	0	0	0
2703	2421.34	41.62	250	19250	4500	750	0	0	0
2704	2422.05	48.14	327	27468	3597	0	0	0	0
2705	2422.75	62.51	308	25872	3388	0	0	0	0
2706	2423.46	66.16	271	22764	2981	0	0	0	0
2707	2424.17	65.4	268	22512	2948	0	0	0	0
2708	2424.87	50.68	290	24360	3190	0	0	0	0
2709	2425.58	42.4	300	25200	3300	0	0	0	0
2710	2426.29	34.71	255	21420	2805	0	0	0	0
2711	2403.63	27.47	245	20580	2695	0	0	0	0
2712	2404.41	44.26	218	18312	2398	0	0	0	0
2713	2405.2	37.14	234	19656	2574	0	0	0	0
2714	2405.99	29.18	117	11583	0	0	0	0	0
2715	2406.78	33.64	191	18909	0	0	0	0	0
2716	2407.58	30.06	171	16929	0	0	0	0	0
2717	2408.37	23.39	145	14355	0	0	0	0	0
2718	2409.16	26.41	124	12276	0	0	0	0	0
2719	2409.96	24.81	116	11484	0	0	0	0	0
2720	2410.75	26.94	112	11088	0	0	0	0	0
2721	2411.54	26.7	109	10791	0	0	0	0	0
2722	2412.34	25.95	99	9801	0	0	0	0	0
2723	2413.13	62.82	86	8514	0	0	0	0	0
2724	2413.92	62.04	75	7425	0	0	0	0	0
2725	2414.72	71.53	60	5940	0	0	0	0	0
2726	2415.51	35.24	45	4455	0	0	0	0	0
2727	2416.31	46.02	39	3861	0	0	0	0	0
2728	2417.1	51.07	35	3465	0	0	0	0	0
2729	2417.89	49.26	36	3564	0	0	0	0	0
2730	2418.69	58.01	32	3168	0	0	0	0	0
2731	2419.48	58.04	35	3465	0	0	0	0	0
2732	2420.27	51.25	30	2970	0	0	0	0	0
2733	2421.07	41.16	31	3069	0	0	0	0	0
2734	2421.86	50.83	25	2475	0	0	0	0	0
2735	2422.65	51.63	26	2574	0	0	0	0	0
2736	2423.45	54.02	25	2475	0	0	0	0	0
2737	2424.24	57.94	24	2376	0	0	0	0	0
2738	2425.03	36.18	24	2376	0	0	0	0	0
2739	2425.83	33.87	24	2376	0	0	0	0	0
2740	2426.62	35.55	24	2376	0	0	0	0	0
2741	2427.41	35.52	27	2673	0	0	0	0	0
2742	2428.22	35.21	34	3366	0	0	0	0	0
2743	2429.05	33.64	31	3069	0	0	0	0	0
2744	2429.87	37.77	33	3267	0	0	0	0	0
2745	2430.7	33.54	42	3192	756	126	0	0	0
2746	2431.52	32.36	46	3496	828	138	0	0	0
2747	2432.34	26.47	50	3800	900	150	0	0	0
2748	2433.17	36.2	52	3952	936	156	0	0	0
2749	2433.99	35.67	52	3952	936	156	0	0	0
2750	2434.81	29.12	52	3952	936	156	0	0	0
2751	2435.64	42.27	34	2584	612	102	0	0	0
2752	2436.46	52.7	38	2888	684	114	0	0	0
2753	2437.29	49.3	35	2660	630	105	0	0	0
2754	2438.11	44.2	31	2356	558	93	0	0	0
2755	2438.93	38.96	36	2736	648	108	0	0	0
2756	2439.76	38.35	34	3128	272	0	0	0	0
2757	2440.58	28.45	34	3128	272	0	0	0	0
2758	2441.41	33.47	30	2760	240	0	0	0	0
2759	2442.23	46.04	32	2944	256	0	0	0	0
2760	2443.05	46.04	38	3496	304	0	0	0	0
2761	2443.88	40.6	34	3128	272	0	0	0	0
2762	2444.7	50.52	32	2944	256	0	0	0	0
2763	2445.53	49.9	27	2484	216	0	0	0	0
2764	2446.35	22.71	30	2760	240	0	0	0	0
2765	2447.17	42.1	33	3036	264	0	0	0	0
2766	2448	28.8	37	3404	296	0	0	0	0
2767	2448.82	40.27	32	2944	256	0	0	0	0
2768	2449.65	42.36	40	3680	320	0	0	0	0
2769	2450.47	39.21	36	3312	288	0	0	0	0
2770	2451.31	31.14	35	3220	280	0	0	0	0
2771	2452.16	28.63	30	2760	240	0	0	0	0
2772	2453.01	35.4	27	2484	216	0	0	0	0
2773	2453.87	46.83	25	2300	200	0	0	0	0
2774	2454.72	49.49	23	2116	184	0	0	0	0
2775	2455.57	37.79	35	3430	0	0	0	0	0
2776	2456.42	29.16	36	3528	0	0	0	0	0
2777	2457.28	39.55	35	3430	0	0	0	0	0
2778	2458.13	57.27	23	2254	0	0	0	0	0
2779	2458.98	45.6	30	2940	0	0	0	0	0
2780	2459.83	45.6	23	2254	0	0	0	0	0
2781	2460.69	56.1	20	1960	0	0	0	0	0
2782	2461.54	43.8	19	1862	0	0	0	0	0
2783	2462.39	43.8	18	1764	0	0	0	0	0
2784	2463.24	43.8	23	2254	0	0	0	0	0
2785	2464.1	38.2	19	1862	0	0	0	0	0
2786	2464.95	33.7	19	1862	0	0	0	0	0
2787	2465.8	36.4	19	1862	0	0	0	0	0
2788	2466.65	46.57	18	1764	0	0	0	0	0
2789	2467.51	25.54	17	1666	0	0	0	0	0
2790	2468.36	42.3	17	1666	0	0	0	0	0
2791	2469.21	46.3	17	1666	0	0	0	0	0
2792	2470.06	46.3	17	1666	0	0	0	0	0
2793	2470.91	40.02	16	1568	0	0	0	0	0
2794	2471.77	36.9	16	1568	0	0	0	0	0
2795	2472.62	48.02	16	1568	0	0	0	0	0
2796	2473.47	48.02	16	1568	0	0	0	0	0
2797	2474.32	48.02	15	1470	0	0	0	0	0
2798	2475.18	50.12	15	1470	0	0	0	0	0
2799	2476.04	46.2	15	1470	0	0	0	0	0
2800	2476.92	31.41	15	1470	0	0	0	0	0
2801	2477.8	35.06	12	1176	0	0	0	0	0
2802	2478.67	31.59	13	1274	0	0	0	0	0
2803	2479.55	29.62	13	1274	0	0	0	0	0
2804	2480.43	29.62	13	1274	0	0	0	0	0
2805	2481.3	29.62	14	1372	0	0	0	0	0
2806	2482.18	21.64	15	1470	0	0	0	0	0
2807	2483.05	21.64	16	1568	0	0	0	0	0
2808	2483.93	19.89	13	1274	0	0	0	0	0
2809	2484.81	21.81	12	1176	0	0	0	0	0
2810	2485.68	60.88	14	1372	0	0	0	0	0
2811	2486.56	33.65	12	1176	0	0	0	0	0
2812	2487.44	35.34	12	1176	0	0	0	0	0
2813	2488.31	39.54	12	1176	0	0	0	0	0
2814	2489.19	28.13	12	1176	0	0	0	0	0
2815	2490.07	42.08	12	1176	0	0	0	0	0
2816	2490.94	22.89	13	1274	0	0	0	0	0
2817	2491.82	10.39	13	1274	0	0	0	0	0
2818	2492.7	11.09	13	1274	0	0	0	0	0
2819	2493.57	24.65	13	1274	0	0	0	0	0
2820	2494.45	58.28	13	1274	0	0	0	0	0
2821	2495.33	22.75	13	1274	0	0	0	0	0
2822	2496.2	14.5	13	1274	0	0	0	0	0
2823	2497.08	10.6	12	1176	0	0	0	0	0
2824	2497.96	11.26	12	1176	0	0	0	0	0
2825	2498.83	16.93	12	1176	0	0	0	0	0
2826	2499.71	16.12	10	980	0	0	0	0	0
2827	2500.59	42.15	12	1176	0	0	0	0	0
2828	2501.23	34.99	11	1078	0	0	0	0	0
2829	2499.95	20.14	11	1078	0	0	0	0	0
2830	2500.79	24.03	11	1078	0	0	0	0	0
2831	2501.63	13.51	12	1176	0	0	0	0	0
2832	2502.46	25.56	9	882	0	0	0	0	0
2833	2503.3	20.26	12	1176	0	0	0	0	0
2834	2504.14	19.69	12	1176	0	0	0	0	0
2835	2504.98	23.33	12	1176	0	0	0	0	0
2836	2505.82	19.84	12	1176	0	0	0	0	0
2837	2506.66	14.08	10	980	0	0	0	0	0
2838	2507.5	17.69	10	980	0	0	0	0	0
2839	1254.05	19.89	9	882	0	0	0	0	0
2840	1254.06	19.89	9	882	0	0	0	0	0
2841	1254.06	23.69	9	882	0	0	0	0	0
2842	1254.06	25.69	9	882	0	0	0	0	0
2843	2265.5	23.99	9	882	0	0	0	0	0
2844	2524.55	96.1	8	784	0	0	0	0	0
2845	2525.55	99.5	8	784	0	0	0	0	0
2846	2526.55	36.3	7	686	0	0	0	0	0
2847	2527.55	66.07	13	1274	0	0	0	0	0
2848	2528.55	58.83	11	1078	0	0	0	0	0
2849	2529.55	43.39	15	1470	0	0	0	0	0
2850	2530.55	90.9	13	1274	0	0	0	0	0
2851	2278.44	38.24	13	1274	0	0	0	0	0
2852	2532.55	34.93	14	1372	0	0	0	0	0
2853	2533.55	39.17	15	1470	0	0	0	0	0
2854	2534.55	28.55	15	1470	0	0	0	0	0
2855	2530.01	24.58	15	1470	0	0	0	0	0
2856	2522.6	33.63	15	1470	0	0	0	0	0
2857	2523.43	26.95	13	1274	0	0	0	0	0
2858	2524.27	29.74	13	1274	0	0	0	0	0
2859	2525.11	26.74	10	980	0	0	0	0	0
2860	2273.35	47.09	10	980	0	0	0	0	0
2861	2526.79	36.68	13	1274	0	0	0	0	0
2862	2022.12	33.06	11	1078	0	0	0	0	0
2863	2528.47	27.73	12	1176	0	0	0	0	0
2864	2276.4	35.62	12	1176	0	0	0	0	0
2865	2530.14	29.4	13	1274	0	0	0	0	0
2866	2532.57	55.81	11	1078	0	0	0	0	0
2867	2535.1	37.71	11	1078	0	0	0	0	0
2868	2535.98	71.07	12	1176	0	0	0	0	0
2869	2536.87	51.85	12	1176	0	0	0	0	0
2870	2537.76	41.37	12	1176	0	0	0	0	0
2871	2538.65	22.62	12	1176	0	0	0	0	0
2872	2539.53	41.23	13	1274	0	0	0	0	0
2873	2540.42	28.32	13	1274	0	0	0	0	0
2874	2541.31	34.51	13	1274	0	0	0	0	0
2875	2542.2	42.12	14	1372	0	0	0	0	0
2876	2543.08	31.95	14	1372	0	0	0	0	0
2877	2543.97	30.68	10	980	0	0	0	0	0
2878	2544.86	40.34	10	980	0	0	0	0	0
2879	2545.75	41.79	10	980	0	0	0	0	0
2880	2546.63	35.82	10	980	0	0	0	0	0
2881	2547.52	35.56	12	1176	0	0	0	0	0
2882	2548.41	43.33	12	1176	0	0	0	0	0
2883	2549.3	38.07	12	1176	0	0	0	0	0
2884	2550.18	31.48	13	1274	0	0	0	0	0
2885	2551.07	27.9	13	1274	0	0	0	0	0
2886	2551.96	33.05	13	1274	0	0	0	0	0
2887	2552.85	31.66	13	1274	0	0	0	0	0
2888	2553.73	50.7	13	1274	0	0	0	0	0
2889	2554.62	53.85	14	1372	0	0	0	0	0
2890	2555.51	46.55	12	1176	0	0	0	0	0
2891	2556.4	36.3	14	1372	0	0	0	0	0
2892	2557.28	52.52	14	1372	0	0	0	0	0
2893	2558.16	47.18	14	1372	0	0	0	0	0
2894	2559.06	44.83	14	1372	0	0	0	0	0
2895	2559.94	75.91	14	1372	0	0	0	0	0
2896	2560.83	34.11	14	1372	0	0	0	0	0
2897	2561.72	68.7	14	1372	0	0	0	0	0
2898	2562.61	58.48	15	1470	0	0	0	0	0
2899	2563.49	42.8	15	1470	0	0	0	0	0
2900	2564.38	50.05	15	1470	0	0	0	0	0
2901	2565.27	71.79	16	1568	0	0	0	0	0
2902	2309.55	27.98	16	1568	0	0	0	0	0
2903	2567.04	28.68	16	1568	0	0	0	0	0
2904	2567.93	40.72	16	1568	0	0	0	0	0
2905	2568.82	82.07	16	1568	0	0	0	0	0
2906	2569.71	46.78	18	1764	0	0	0	0	0
2907	2570.59	42.5	18	1764	0	0	0	0	0
2908	2570.59	34.03	18	1764	0	0	0	0	0
2909	2572.37	22.72	18	1764	0	0	0	0	0
2910	2573.26	29.65	18	1764	0	0	0	0	0
2911	2574.14	17.02	18	1764	0	0	0	0	0
2912	2578.12	17.02	18	1764	0	0	0	0	0

									
									

