Depth	TVD	ROP	Gas	C1(PPM)	C2	C3	iC4	nC4	C5
464	463.99	23.93	2	198	0	0	0	0	0
465	464.99	58.58	2	198	0	0	0	0	0
466	465.99	37.08	2	198	0	0	0	0	0
467	466.99	70.45	2	198	0	0	0	0	0
468	467.99	40.07	2	198	0	0	0	0	0
469	468.99	42.68	3	297	0	0	0	0	0
470	469.99	30.94	3	297	0	0	0	0	0
471	470.99	11.71	3	297	0	0	0	0	0
472	471.99	14.99	2	198	0	0	0	0	0
473	472.99	12.56	2	198	0	0	0	0	0
474	473.99	14.78	2	198	0	0	0	0	0
475	474.99	32.88	3	297	0	0	0	0	0
476	475.99	28.54	3	297	0	0	0	0	0
477	476.99	28.02	3	297	0	0	0	0	0
478	477.99	25.54	5	495	0	0	0	0	0
479	478.99	25.62	4	396	0	0	0	0	0
480	479.99	24.62	3	297	0	0	0	0	0
481	480.99	24.19	3	297	0	0	0	0	0
482	481.99	23.56	2	198	0	0	0	0	0
483	482.99	23.06	3	297	0	0	0	0	0
484	483.99	22.71	4	396	0	0	0	0	0
485	484.99	22.32	5	495	0	0	0	0	0
486	485.99	16.93	7	693	0	0	0	0	0
487	486.99	15.52	6	594	0	0	0	0	0
488	487.99	12.62	6	594	0	0	0	0	0
489	488.99	17.44	6	594	0	0	0	0	0
490	489.99	18.36	6	594	0	0	0	0	0
491	490.99	14.22	6	594	0	0	0	0	0
492	491.99	88.27	7	693	0	0	0	0	0
493	492.99	45.94	8	792	0	0	0	0	0
494	493.99	49.52	8	792	0	0	0	0	0
495	494.99	96.31	8	792	0	0	0	0	0
496	495.99	141.55	8	792	0	0	0	0	0
497	496.99	42.3	9	891	0	0	0	0	0
498	497.99	31.15	6	594	0	0	0	0	0
499	498.99	32.58	9	891	0	0	0	0	0
500	499.99	23.7	9	891	0	0	0	0	0
501	500.99	26.31	8	792	0	0	0	0	0
502	501.99	32.64	7	693	0	0	0	0	0
503	502.99	24.24	8	792	0	0	0	0	0
504	503.99	23.49	9	891	0	0	0	0	0
505	504.99	24.98	9	891	0	0	0	0	0
506	505.99	27.16	8	792	0	0	0	0	0
507	506.99	26.17	7	693	0	0	0	0	0
508	507.99	25.12	6	594	0	0	0	0	0
509	508.99	24.57	5	495	0	0	0	0	0
510	509.99	24.51	4	396	0	0	0	0	0
511	510.99	23.18	3	297	0	0	0	0	0
512	511.99	21.02	3	297	0	0	0	0	0
513	512.99	20.67	3	297	0	0	0	0	0
514	513.99	20.72	3	297	0	0	0	0	0
515	514.99	20.17	2	198	0	0	0	0	0
516	515.99	18.73	2	198	0	0	0	0	0
517	516.99	22.9	2	198	0	0	0	0	0
518	517.99	23.76	2	198	0	0	0	0	0
519	518.99	17.87	2	198	0	0	0	0	0
520	519.99	19.94	4	396	0	0	0	0	0
521	520.99	67.82	5	495	0	0	0	0	0
522	521.99	65.53	3	297	0	0	0	0	0
523	522.99	45.42	3	297	0	0	0	0	0
524	523.99	19.33	5	495	0	0	0	0	0
525	524.99	19.1	2	198	0	0	0	0	0
526	525.99	73.83	3	297	0	0	0	0	0
527	526.99	23.31	2	198	0	0	0	0	0
528	527.99	29.1	3	297	0	0	0	0	0
529	528.99	27.95	2	198	0	0	0	0	0
530	529.99	28.29	2	198	0	0	0	0	0
531	530.99	24.09	3	297	0	0	0	0	0
532	531.99	20.04	2	198	0	0	0	0	0
533	532.99	24.61	3	297	0	0	0	0	0
534	533.99	30.63	2	198	0	0	0	0	0
535	534.99	24.11	3	297	0	0	0	0	0
536	535.99	18.94	2	198	0	0	0	0	0
537	536.99	12.68	3	297	0	0	0	0	0
538	537.99	14.73	3	297	0	0	0	0	0
539	538.99	21.98	2	198	0	0	0	0	0
540	539.99	24.5	4	396	0	0	0	0	0
541	540.99	22.77	4	396	0	0	0	0	0
542	541.99	22.33	4	396	0	0	0	0	0
543	542.99	19.5	4	396	0	0	0	0	0
544	543.99	23.37	3	297	0	0	0	0	0
545	544.99	23.09	3	297	0	0	0	0	0
546	545.99	17.37	2	198	0	0	0	0	0
547	546.99	18.15	2	198	0	0	0	0	0
548	547.99	20.57	2	198	0	0	0	0	0
549	548.99	20.06	2	198	0	0	0	0	0
550	549.99	47.16	2	198	0	0	0	0	0
551	550.99	11.8	2	198	0	0	0	0	0
552	551.99	8.28	2	198	0	0	0	0	0
553	552.99	86.87	2	198	0	0	0	0	0
554	553.99	31.62	2	198	0	0	0	0	0
555	554.99	12.14	2	198	0	0	0	0	0
556	555.99	31.43	2	198	0	0	0	0	0
557	556.99	17.63	3	297	0	0	0	0	0
558	557.99	25.07	3	297	0	0	0	0	0
559	558.99	19.54	3	297	0	0	0	0	0
560	559.99	9.86	3	297	0	0	0	0	0
561	560.99	11.52	3	297	0	0	0	0	0
562	561.99	12.82	3	297	0	0	0	0	0
563	562.99	20.33	2	198	0	0	0	0	0
564	563.99	20.4	3	297	0	0	0	0	0
565	564.99	21.57	4	396	0	0	0	0	0
566	565.99	28.46	4	396	0	0	0	0	0
567	566.99	24.38	4	396	0	0	0	0	0
568	567.99	22.96	3	297	0	0	0	0	0
569	568.99	15.76	3	297	0	0	0	0	0
570	569.99	20.86	2	198	0	0	0	0	0
571	570.99	20.1	2	198	0	0	0	0	0
572	571.99	17.63	2	198	0	0	0	0	0
573	572.99	17.18	2	198	0	0	0	0	0
574	573.99	18.07	3	297	0	0	0	0	0
575	574.99	26.79	3	297	0	0	0	0	0
576	575.99	24.14	3	297	0	0	0	0	0
577	576.99	22.03	3	297	0	0	0	0	0
578	577.99	35.11	2	198	0	0	0	0	0
579	578.99	30.03	2	198	0	0	0	0	0
580	579.99	15.29	4	396	0	0	0	0	0
581	580.99	29.55	4	396	0	0	0	0	0
582	581.99	25.83	4	396	0	0	0	0	0
583	582.99	24.06	4	396	0	0	0	0	0
584	583.99	18.26	3	297	0	0	0	0	0
585	584.99	18.66	3	297	0	0	0	0	0
586	585.99	22.44	3	297	0	0	0	0	0
587	586.99	25.81	3	297	0	0	0	0	0
588	587.99	18.89	3	297	0	0	0	0	0
589	588.99	19.16	3	297	0	0	0	0	0
590	589.99	23.68	3	297	0	0	0	0	0
591	590.99	14.17	2	198	0	0	0	0	0
592	591.99	13.12	2	198	0	0	0	0	0
593	592.99	21.89	2	198	0	0	0	0	0
594	593.99	15.82	2	198	0	0	0	0	0
595	594.99	17.75	2	198	0	0	0	0	0
596	595.99	18.05	2	198	0	0	0	0	0
597	596.99	20.38	3	297	0	0	0	0	0
598	597.99	20.26	2	198	0	0	0	0	0
599	598.99	23.04	2	198	0	0	0	0	0
600	599.99	22.04	2	198	0	0	0	0	0
601	600.99	25.5	3	297	0	0	0	0	0
602	601.99	28.93	3	297	0	0	0	0	0
603	602.99	30.75	4	396	0	0	0	0	0
604	603.99	24.01	4	396	0	0	0	0	0
605	604.99	22.86	4	396	0	0	0	0	0
606	605.99	30.24	4	396	0	0	0	0	0
607	606.99	30.19	4	396	0	0	0	0	0
608	607.99	56.28	4	396	0	0	0	0	0
609	608.99	20.24	4	396	0	0	0	0	0
610	609.99	21.23	4	396	0	0	0	0	0
611	610.99	25.83	2	198	0	0	0	0	0
612	611.99	28.18	2	198	0	0	0	0	0
613	612.99	30.37	2	198	0	0	0	0	0
614	613.99	27.83	2	198	0	0	0	0	0
615	614.99	28.16	2	198	0	0	0	0	0
616	615.99	21.78	2	198	0	0	0	0	0
617	616.99	22.06	2	198	0	0	0	0	0
618	617.99	23.78	3	297	0	0	0	0	0
619	618.99	23.71	3	297	0	0	0	0	0
620	619.99	25.46	4	396	0	0	0	0	0
621	620.99	56.57	4	396	0	0	0	0	0
622	621.99	26.44	3	297	0	0	0	0	0
623	622.99	21.39	3	297	0	0	0	0	0
624	623.99	23	3	297	0	0	0	0	0
625	624.99	23.14	4	396	0	0	0	0	0
626	625.99	24.62	2	198	0	0	0	0	0
627	626.99	21.41	3	297	0	0	0	0	0
628	627.99	22.4	3	297	0	0	0	0	0
629	628.99	22.15	4	396	0	0	0	0	0
630	629.99	22.15	5	495	0	0	0	0	0
631	630.99	25.33	6	594	0	0	0	0	0
632	631.99	20.29	8	792	0	0	0	0	0
633	632.99	20.66	9	891	0	0	0	0	0
634	633.99	17.27	10	990	0	0	0	0	0
635	634.99	28.54	15	1485	0	0	0	0	0
636	635.99	25.52	15	1485	0	0	0	0	0
637	636.99	23.96	16	1584	0	0	0	0	0
638	637.99	22.16	17	1683	0	0	0	0	0
639	638.99	34.09	19	1881	0	0	0	0	0
640	639.99	14.71	19	1881	0	0	0	0	0
641	640.99	21.89	19	1881	0	0	0	0	0
642	641.99	18.87	15	1485	0	0	0	0	0
643	642.99	17.67	14	1386	0	0	0	0	0
644	643.99	15.57	12	1188	0	0	0	0	0
645	644.99	28.77	10	990	0	0	0	0	0
646	645.99	23.97	9	891	0	0	0	0	0
647	646.99	23.43	8	792	0	0	0	0	0
648	647.99	22.83	8	792	0	0	0	0	0
649	648.99	19.83	8	792	0	0	0	0	0
650	649.99	20.1	7	693	0	0	0	0	0
651	650.99	21.92	6	594	0	0	0	0	0
652	651.99	20.47	6	594	0	0	0	0	0
653	652.99	21.44	6	594	0	0	0	0	0
654	653.99	22.69	6	594	0	0	0	0	0
655	654.99	23.78	6	594	0	0	0	0	0
656	655.99	22.53	6	594	0	0	0	0	0
657	656.99	21.63	4	396	0	0	0	0	0
658	657.99	21.92	4	396	0	0	0	0	0
659	658.99	24.59	4	396	0	0	0	0	0
660	659.99	29.97	4	396	0	0	0	0	0
661	660.99	27.07	4	396	0	0	0	0	0
662	661.99	19.31	3	297	0	0	0	0	0
663	662.99	12.03	3	297	0	0	0	0	0
664	663.99	12.36	3	297	0	0	0	0	0
665	664.99	23.69	3	297	0	0	0	0	0
666	665.99	23.6	3	297	0	0	0	0	0
667	666.99	23.6	3	297	0	0	0	0	0
668	667.99	52.75	3	297	0	0	0	0	0
669	668.99	62.67	4	396	0	0	0	0	0
670	669.99	14.53	4	396	0	0	0	0	0
671	670.99	8.86	4	396	0	0	0	0	0
672	671.99	10.36	4	396	0	0	0	0	0
673	672.99	15.27	4	396	0	0	0	0	0
674	673.99	11.42	4	396	0	0	0	0	0
675	674.99	12.68	4	396	0	0	0	0	0
676	675.99	60.74	3	297	0	0	0	0	0
677	676.99	55.87	3	297	0	0	0	0	0
678	677.99	14.75	3	297	0	0	0	0	0
679	678.99	22.69	3	297	0	0	0	0	0
680	679.99	60.53	3	297	0	0	0	0	0
681	680.99	62.22	3	297	0	0	0	0	0
682	681.99	48.84	3	297	0	0	0	0	0
683	682.99	48.84	3	297	0	0	0	0	0
684	683.99	45.61	3	297	0	0	0	0	0
685	684.99	18.72	3	297	0	0	0	0	0
686	685.99	16.04	3	297	0	0	0	0	0
687	686.99	17.82	3	297	0	0	0	0	0
688	687.99	19.39	2	198	0	0	0	0	0
689	688.99	14.18	2	198	0	0	0	0	0
690	689.99	15.37	3	297	0	0	0	0	0
691	690.99	20.7	2	198	0	0	0	0	0
692	691.99	18.54	2	198	0	0	0	0	0
693	692.99	17.21	2	198	0	0	0	0	0
694	693.99	12.84	2	198	0	0	0	0	0
695	694.99	12.46	2	198	0	0	0	0	0
696	695.99	16.51	3	297	0	0	0	0	0
697	696.99	18.44	2	198	0	0	0	0	0
698	697.99	21.85	2	198	0	0	0	0	0
699	698.99	23.42	3	297	0	0	0	0	0
700	699.99	23.83	3	297	0	0	0	0	0
701	700.99	21.86	3	297	0	0	0	0	0
702	701.99	20.04	4	396	0	0	0	0	0
703	702.99	10.56	4	396	0	0	0	0	0
704	703.99	12.03	3	297	0	0	0	0	0
705	704.99	21.43	2	198	0	0	0	0	0
706	705.99	19.53	2	198	0	0	0	0	0
707	706.99	18.37	3	297	0	0	0	0	0
708	707.99	19.17	3	297	0	0	0	0	0
709	708.99	15.32	3	297	0	0	0	0	0
710	709.99	19.4	3	297	0	0	0	0	0
711	710.99	15.2	4	396	0	0	0	0	0
712	711.99	12.3	4	396	0	0	0	0	0
713	712.99	13.99	3	297	0	0	0	0	0
714	713.99	16.43	4	396	0	0	0	0	0
715	714.99	16.27	3	297	0	0	0	0	0
716	715.99	24.56	2	198	0	0	0	0	0
717	716.99	22.04	2	198	0	0	0	0	0
718	717.99	24.53	2	198	0	0	0	0	0
719	718.99	21.29	2	198	0	0	0	0	0
720	719.99	23.3	2	198	0	0	0	0	0
721	720.99	21.02	3	297	0	0	0	0	0
722	721.99	22.3	3	297	0	0	0	0	0
723	722.99	19.91	3	297	0	0	0	0	0
724	723.99	36.79	3	297	0	0	0	0	0
725	724.99	16.87	2	198	0	0	0	0	0
726	725.99	16.93	2	198	0	0	0	0	0
727	726.99	23.71	4	396	0	0	0	0	0
728	727.99	22.46	2	198	0	0	0	0	0
729	728.99	23.11	5	495	0	0	0	0	0
730	729.99	23.82	2	198	0	0	0	0	0
731	730.99	23.66	2	198	0	0	0	0	0
732	731.99	23.3	2	198	0	0	0	0	0
733	732.99	23.06	2	198	0	0	0	0	0
734	733.99	22.81	3	297	0	0	0	0	0
735	734.99	21.52	3	297	0	0	0	0	0
736	735.99	22.88	3	297	0	0	0	0	0
737	736.99	21.55	4	396	0	0	0	0	0
738	737.99	19.44	4	396	0	0	0	0	0
739	738.99	20.63	4	396	0	0	0	0	0
740	739.99	22.01	5	495	0	0	0	0	0
741	740.99	24.28	5	495	0	0	0	0	0
742	741.99	21.73	3	297	0	0	0	0	0
743	742.99	20.54	3	297	0	0	0	0	0
744	743.99	21.54	5	495	0	0	0	0	0
745	744.99	20.69	5	495	0	0	0	0	0
746	745.99	19.72	5	495	0	0	0	0	0
747	746.99	19.96	5	495	0	0	0	0	0
748	747.99	21.6	5	495	0	0	0	0	0
749	748.99	20.34	5	495	0	0	0	0	0
750	749.99	18.97	4	396	0	0	0	0	0
751	750.99	8.32	3	297	0	0	0	0	0
752	751.99	31.27	3	297	0	0	0	0	0
753	752.99	49.57	2	198	0	0	0	0	0
754	753.99	32.47	2	198	0	0	0	0	0
755	754.99	16.32	2	198	0	0	0	0	0
756	755.99	10.24	3	297	0	0	0	0	0
757	756.99	11.04	3	297	0	0	0	0	0
758	757.99	13.95	3	297	0	0	0	0	0
759	758.99	16.49	3	297	0	0	0	0	0
760	759.99	2.35	3	297	0	0	0	0	0
761	760.99	9.91	2	198	0	0	0	0	0
762	761.99	11.56	3	297	0	0	0	0	0
763	762.99	35.31	3	297	0	0	0	0	0
764	763.99	39.89	3	297	0	0	0	0	0
765	764.99	21.73	3	297	0	0	0	0	0
766	765.99	38.51	3	297	0	0	0	0	0
767	766.99	9.63	3	297	0	0	0	0	0
768	767.99	17.46	2	198	0	0	0	0	0
769	768.99	19	2	198	0	0	0	0	0
770	769.99	18	3	297	0	0	0	0	0
771	770.99	16	3	297	0	0	0	0	0
772	771.99	14	2	198	0	0	0	0	0
773	772.99	13	3	297	0	0	0	0	0
774	773.99	15	2	198	0	0	0	0	0
775	774.99	17	2	198	0	0	0	0	0
776	775.99	16	3	297	0	0	0	0	0
777	776.99	16.08	2	198	0	0	0	0	0
778	777.99	15	2	198	0	0	0	0	0
779	778.99	9.5	3	297	0	0	0	0	0
780	779.99	6.69	2	198	0	0	0	0	0
781	780.99	9.27	2	198	0	0	0	0	0
782	781.99	14.53	2	198	0	0	0	0	0
783	782.99	6.04	2	198	0	0	0	0	0
784	783.99	9.85	2	198	0	0	0	0	0
785	784.99	16.15	2	198	0	0	0	0	0
786	785.99	14.6	3	297	0	0	0	0	0
787	786.99	12.68	3	297	0	0	0	0	0
788	787.99	6.85	3	297	0	0	0	0	0
789	788.99	9.56	3	297	0	0	0	0	0
790	789.99	12.26	3	297	0	0	0	0	0
791	790.99	10.07	4	396	0	0	0	0	0
792	791.99	8.94	4	396	0	0	0	0	0
793	792.99	15.36	4	396	0	0	0	0	0
794	793.99	11.11	4	396	0	0	0	0	0
795	794.99	3.58	4	396	0	0	0	0	0
796	795.99	12.63	4	396	0	0	0	0	0
797	796.99	9.89	4	396	0	0	0	0	0
798	797.99	11.25	7	693	0	0	0	0	0
799	798.99	14.52	4	396	0	0	0	0	0
800	799.99	21.43	2	198	0	0	0	0	0
801	800.99	58.01	2	198	0	0	0	0	0
802	801.99	143.96	2	198	0	0	0	0	0
803	802.99	58.2	2	198	0	0	0	0	0
804	803.99	21.35	4	396	0	0	0	0	0
805	804.99	11.66	4	396	0	0	0	0	0
806	805.99	10.31	4	396	0	0	0	0	0
807	806.99	9.95	4	396	0	0	0	0	0
808	807.99	17.22	4	396	0	0	0	0	0
809	808.99	16.9	4	396	0	0	0	0	0
810	809.99	11.72	3	297	0	0	0	0	0
811	810.99	14.44	4	396	0	0	0	0	0
812	811.99	12.63	3	297	0	0	0	0	0
813	812.99	73.04	3	297	0	0	0	0	0
814	813.99	59.29	3	297	0	0	0	0	0
815	814.99	18.59	4	396	0	0	0	0	0
816	815.99	20.65	4	396	0	0	0	0	0
817	816.99	20.94	4	396	0	0	0	0	0
818	817.99	20.56	4	396	0	0	0	0	0
819	818.99	20.75	4	396	0	0	0	0	0
820	819.99	18.04	4	396	0	0	0	0	0
821	820.99	18	4	396	0	0	0	0	0
822	821.99	21.75	4	396	0	0	0	0	0
823	822.99	21.97	4	396	0	0	0	0	0
824	823.99	22.09	4	396	0	0	0	0	0
825	824.99	22.71	4	396	0	0	0	0	0
826	825.99	17.4	4	396	0	0	0	0	0
827	826.99	17.83	3	297	0	0	0	0	0
828	827.99	19.94	3	297	0	0	0	0	0
829	828.99	21.17	3	297	0	0	0	0	0
830	829.99	20.55	3	297	0	0	0	0	0
831	830.99	20.68	3	297	0	0	0	0	0
832	831.99	19.63	3	297	0	0	0	0	0
833	832.99	20.19	3	297	0	0	0	0	0
834	833.99	21	4	396	0	0	0	0	0
835	834.99	19.3	6	594	0	0	0	0	0
836	835.99	23.08	6	594	0	0	0	0	0
837	836.99	19.44	6	594	0	0	0	0	0
838	837.99	23.6	6	594	0	0	0	0	0
839	838.99	24.64	6	594	0	0	0	0	0
840	839.99	23.15	5	495	0	0	0	0	0
841	840.99	20.81	4	396	0	0	0	0	0
842	841.99	21.12	3	297	0	0	0	0	0
843	842.99	22.23	3	297	0	0	0	0	0
844	843.99	23.96	3	297	0	0	0	0	0
845	844.99	22.47	3	297	0	0	0	0	0
846	845.99	23.14	2	198	0	0	0	0	0
847	846.99	21.96	2	198	0	0	0	0	0
848	847.99	15.2	2	198	0	0	0	0	0
849	848.99	20.61	3	297	0	0	0	0	0
850	849.99	22.65	2	198	0	0	0	0	0
851	850.99	22.25	2	198	0	0	0	0	0
852	851.99	30.2	2	198	0	0	0	0	0
853	852.99	28.71	2	198	0	0	0	0	0
854	853.99	23.73	3	297	0	0	0	0	0
855	854.99	26.15	3	297	0	0	0	0	0
856	855.99	24.93	3	297	0	0	0	0	0
857	856.99	22.38	4	396	0	0	0	0	0
858	857.99	19.24	4	396	0	0	0	0	0
859	858.99	26.2	4	396	0	0	0	0	0
860	859.99	25.76	4	396	0	0	0	0	0
861	860.99	22	4	396	0	0	0	0	0
862	861.99	22.74	4	396	0	0	0	0	0
863	862.99	23.61	5	495	0	0	0	0	0
864	863.99	23.33	5	495	0	0	0	0	0
865	864.99	16.26	5	495	0	0	0	0	0
866	865.99	21.62	5	495	0	0	0	0	0
867	866.99	28.29	5	495	0	0	0	0	0
868	867.99	23.72	5	495	0	0	0	0	0
869	868.99	20.5	5	495	0	0	0	0	0
870	869.99	21.37	5	495	0	0	0	0	0
871	870.99	21.55	4	396	0	0	0	0	0
872	871.99	35.48	4	396	0	0	0	0	0
873	872.99	22.46	4	396	0	0	0	0	0
874	873.99	20.01	4	396	0	0	0	0	0
875	874.99	35.39	4	396	0	0	0	0	0
876	875.99	22.42	4	396	0	0	0	0	0
877	876.99	21.68	4	396	0	0	0	0	0
878	877.99	27.55	4	396	0	0	0	0	0
879	878.99	22.93	4	396	0	0	0	0	0
880	879.99	26.92	4	396	0	0	0	0	0
881	880.99	22.89	4	396	0	0	0	0	0
882	881.99	22.13	4	396	0	0	0	0	0
883	882.99	20.27	3	297	0	0	0	0	0
884	883.99	20.8	3	297	0	0	0	0	0
885	884.99	20.44	3	297	0	0	0	0	0
886	885.99	28.72	3	297	0	0	0	0	0
887	886.99	27.55	3	297	0	0	0	0	0
888	887.99	25.09	3	297	0	0	0	0	0
889	888.99	22.15	3	297	0	0	0	0	0
890	889.99	23.52	3	297	0	0	0	0	0
891	890.99	28.46	3	297	0	0	0	0	0
892	891.99	22.78	3	297	0	0	0	0	0
893	892.99	17.94	3	297	0	0	0	0	0
894	893.99	147.53	2	198	0	0	0	0	0
895	894.99	20.59	2	198	0	0	0	0	0
896	895.99	22.29	2	198	0	0	0	0	0
897	896.99	27.74	2	198	0	0	0	0	0
898	897.99	26.26	2	198	0	0	0	0	0
899	898.99	26	2	198	0	0	0	0	0
900	899.99	26.56	2	198	0	0	0	0	0
901	900.99	27.55	2	198	0	0	0	0	0
902	901.99	25.19	2	198	0	0	0	0	0
903	902.99	26.11	2	198	0	0	0	0	0
904	903.99	35.22	2	198	0	0	0	0	0
905	904.99	30.77	2	198	0	0	0	0	0
906	905.99	32.16	2	198	0	0	0	0	0
907	906.99	30.98	2	198	0	0	0	0	0
908	907.99	34.17	2	198	0	0	0	0	0
909	908.99	26.25	2	198	0	0	0	0	0
910	909.99	24.4	2	198	0	0	0	0	0
911	910.99	29.14	2	198	0	0	0	0	0
912	911.99	36.35	2	198	0	0	0	0	0
913	912.99	35.22	2	198	0	0	0	0	0
914	913.99	41.7	2	198	0	0	0	0	0
915	914.99	39.83	2	198	0	0	0	0	0
916	915.99	35.64	2	198	0	0	0	0	0
917	916.99	40.96	2	198	0	0	0	0	0
918	917.99	50.66	2	198	0	0	0	0	0
919	918.99	38.89	2	198	0	0	0	0	0
920	919.99	22.16	2	198	0	0	0	0	0
921	920.99	36.85	2	198	0	0	0	0	0
922	921.99	23.25	2	198	0	0	0	0	0
923	922.99	17.76	2	198	0	0	0	0	0
924	923.99	17.08	2	198	0	0	0	0	0
925	924.99	3.73	2	198	0	0	0	0	0
926	925.99	22	2	198	0	0	0	0	0
927	926.99	22.98	2	198	0	0	0	0	0
928	927.99	18.28	2	198	0	0	0	0	0
929	928.99	12.09	2	198	0	0	0	0	0
930	929.99	0	2	198	0	0	0	0	0
931	930.99	12.09	2	198	0	0	0	0	0
932	931.99	12.09	2	198	0	0	0	0	0
933	932.99	2.23	2	198	0	0	0	0	0
934	933.99	25.31	2	198	0	0	0	0	0
935	934.99	24.55	2	198	0	0	0	0	0
936	935.99	23.18	2	198	0	0	0	0	0
937	936.99	23.79	2	198	0	0	0	0	0
938	937.99	21.83	2	198	0	0	0	0	0
939	938.99	22.76	2	198	0	0	0	0	0
940	939.99	23.42	2	198	0	0	0	0	0
941	940.99	24.43	2	198	0	0	0	0	0
942	941.99	24.68	3	297	0	0	0	0	0
943	942.99	24.73	3	297	0	0	0	0	0
944	943.99	25.7	3	297	0	0	0	0	0
945	944.99	84.27	3	297	0	0	0	0	0
946	945.99	206.25	3	297	0	0	0	0	0
947	946.99	86.37	3	297	0	0	0	0	0
948	947.99	7.48	3	297	0	0	0	0	0
949	948.99	27.02	3	297	0	0	0	0	0
950	949.99	24.96	3	297	0	0	0	0	0
951	950.99	22.73	2	198	0	0	0	0	0
952	951.99	22.21	2	198	0	0	0	0	0
953	952.99	62.2	2	198	0	0	0	0	0
954	953.99	40.42	2	198	0	0	0	0	0
955	954.99	22.65	2	198	0	0	0	0	0
956	955.99	25.86	2	198	0	0	0	0	0
957	956.99	25.67	2	198	0	0	0	0	0
958	957.99	24.8	2	198	0	0	0	0	0
959	958.99	24.77	2	198	0	0	0	0	0
960	959.99	26.69	2	198	0	0	0	0	0
961	960.99	24.79	2	198	0	0	0	0	0
962	961.99	17.18	2	198	0	0	0	0	0
963	962.99	21.18	2	198	0	0	0	0	0
964	963.99	22.94	2	198	0	0	0	0	0
965	964.99	25.27	2	198	0	0	0	0	0
966	965.99	20.26	2	198	0	0	0	0	0
967	966.99	21.14	2	198	0	0	0	0	0
968	967.99	21.22	2	198	0	0	0	0	0
969	968.99	25.48	2	198	0	0	0	0	0
970	969.99	19.86	2	198	0	0	0	0	0
971	970.99	26.11	2	198	0	0	0	0	0
972	971.99	25.28	2	198	0	0	0	0	0
973	972.99	22.44	2	198	0	0	0	0	0
974	973.99	26.24	2	198	0	0	0	0	0
975	974.99	26.14	2	198	0	0	0	0	0
976	975.99	25.26	2	198	0	0	0	0	0
977	976.99	25.28	2	198	0	0	0	0	0
978	977.99	25.03	2	198	0	0	0	0	0
979	978.99	25.14	2	198	0	0	0	0	0
980	979.99	19.91	2	198	0	0	0	0	0
981	980.99	38.78	2	198	0	0	0	0	0
982	981.99	25.66	2	198	0	0	0	0	0
983	982.99	22.67	2	198	0	0	0	0	0
984	983.99	25.56	3	297	0	0	0	0	0
985	984.99	22.22	3	297	0	0	0	0	0
986	985.99	22.07	3	297	0	0	0	0	0
987	986.99	22.03	3	297	0	0	0	0	0
988	987.99	24.87	3	297	0	0	0	0	0
989	988.99	26.61	3	297	0	0	0	0	0
990	989.99	25.46	3	297	0	0	0	0	0
991	990.99	23.84	3	297	0	0	0	0	0
992	991.99	26.74	4	396	0	0	0	0	0
993	992.99	22.11	5	495	0	0	0	0	0
994	993.99	20.71	5	495	0	0	0	0	0
995	994.99	20.55	5	495	0	0	0	0	0
996	995.99	18.37	5	495	0	0	0	0	0
997	996.99	25.77	5	495	0	0	0	0	0
998	997.99	33.49	5	495	0	0	0	0	0
999	998.99	35.26	5	495	0	0	0	0	0
1000	999.99	32.59	5	495	0	0	0	0	0
1001	1000.99	18.68	4	396	0	0	0	0	0
1002	1001.99	20.3	3	297	0	0	0	0	0
1003	1002.99	20.94	2	198	0	0	0	0	0
1004	1003.99	24.86	2	198	0	0	0	0	0
1005	1004.99	22.08	2	198	0	0	0	0	0
1006	1005.99	24.2	2	198	0	0	0	0	0
1007	1006.99	20.34	2	198	0	0	0	0	0
1008	1007.99	23.54	2	198	0	0	0	0	0
1009	1008.99	19.87	2	198	0	0	0	0	0
1010	1009.99	25.78	2	198	0	0	0	0	0
1011	1010.99	22.95	2	198	0	0	0	0	0
1012	1011.99	25.67	3	297	0	0	0	0	0
1013	1012.99	23.75	4	396	0	0	0	0	0
1014	1013.99	26.93	4	396	0	0	0	0	0
1015	1014.99	26.62	6	594	0	0	0	0	0
1016	1015.99	26.34	6	594	0	0	0	0	0
1017	1016.99	26.62	6	594	0	0	0	0	0
1018	1017.99	24.65	6	594	0	0	0	0	0
1019	1018.99	28.21	6	594	0	0	0	0	0
1020	1019.99	28.73	6	594	0	0	0	0	0
1021	1020.99	27.55	6	594	0	0	0	0	0
1022	1021.99	27.99	7	693	0	0	0	0	0
1023	1022.99	48.16	7	693	0	0	0	0	0
1024	1023.99	26.16	7	693	0	0	0	0	0
1025	1024.99	28.44	8	792	0	0	0	0	0
1026	1025.99	31.31	8	792	0	0	0	0	0
1027	1026.99	19.84	7	693	0	0	0	0	0
1028	1027.99	22.81	7	693	0	0	0	0	0
1029	1028.99	23.38	8	792	0	0	0	0	0
1030	1029.99	24.63	8	792	0	0	0	0	0
1031	1030.99	31.42	7	693	0	0	0	0	0
1032	1031.99	23.12	6	594	0	0	0	0	0
1033	1032.99	23.83	6	594	0	0	0	0	0
1034	1033.99	24.71	5	495	0	0	0	0	0
1035	1034.99	26.05	4	396	0	0	0	0	0
1036	1035.99	32.94	4	396	0	0	0	0	0
1037	1036.99	60.97	5	495	0	0	0	0	0
1038	1037.99	28.42	3	297	0	0	0	0	0
1039	1038.99	29.65	2	198	0	0	0	0	0
1040	1039.99	30.34	2	198	0	0	0	0	0
1041	1040.99	28.19	2	198	0	0	0	0	0
1042	1041.99	27.23	2	198	0	0	0	0	0
1043	1042.99	34.37	3	297	0	0	0	0	0
1044	1043.99	25.29	3	297	0	0	0	0	0
1045	1044.99	19.84	3	297	0	0	0	0	0
1046	1045.99	19.36	3	297	0	0	0	0	0
1047	1046.99	24.42	3	297	0	0	0	0	0
1048	1047.99	25.28	3	297	0	0	0	0	0
1049	1048.99	28.38	2	198	0	0	0	0	0
1050	1049.99	26.34	2	198	0	0	0	0	0
1051	1050.99	26.11	4	396	0	0	0	0	0
1052	1051.99	26.05	4	396	0	0	0	0	0
1053	1052.99	25.4	4	396	0	0	0	0	0
1054	1053.99	22.81	4	396	0	0	0	0	0
1055	1054.99	24.41	4	396	0	0	0	0	0
1056	1055.99	24.57	3	297	0	0	0	0	0
1057	1056.99	31.1	3	297	0	0	0	0	0
1058	1057.99	24.89	3	297	0	0	0	0	0
1059	1058.99	24.87	4	396	0	0	0	0	0
1060	1059.99	25.45	4	396	0	0	0	0	0
1061	1060.99	20.53	4	396	0	0	0	0	0
1062	1061.99	18.33	6	594	0	0	0	0	0
1063	1062.99	29.97	8	792	0	0	0	0	0
1064	1063.99	27.38	10	990	0	0	0	0	0
1065	1064.99	35.59	10	990	0	0	0	0	0
1066	1065.99	45.13	10	990	0	0	0	0	0
1067	1066.99	31	2	198	0	0	0	0	0
1068	1067.99	32.5	3	297	0	0	0	0	0
1069	1068.99	32.26	3	297	0	0	0	0	0
1070	1069.99	32.4	3	297	0	0	0	0	0
1071	1070.99	31	2	198	0	0	0	0	0
1072	1071.99	34.82	2	198	0	0	0	0	0
1073	1072.99	33	3	297	0	0	0	0	0
1074	1073.99	30	2	198	0	0	0	0	0
1075	1074.99	31	3	297	0	0	0	0	0
1076	1075.99	33	3	297	0	0	0	0	0
1077	1076.99	34.15	2	198	0	0	0	0	0
1078	1077.99	33	3	297	0	0	0	0	0
1079	1078.99	32	2	198	0	0	0	0	0
1080	1079.99	31.19	4	396	0	0	0	0	0
1081	1080.99	29.6	5	495	0	0	0	0	0
1082	1081.99	27	7	693	0	0	0	0	0
1083	1082.99	25	5	495	0	0	0	0	0
1084	1083.99	24	4	396	0	0	0	0	0
1085	1084.99	23	5	495	0	0	0	0	0
1086	1085.99	21	6	594	0	0	0	0	0
1087	1086.99	20	8	792	0	0	0	0	0
1088	1087.99	19.22	8	792	0	0	0	0	0
1089	1088.99	18.53	7	693	0	0	0	0	0
1090	1089.99	18.21	8	792	0	0	0	0	0
1091	1090.99	17	8	792	0	0	0	0	0
1092	1091.99	16	8	792	0	0	0	0	0
1093	1092.99	17	8	792	0	0	0	0	0
1094	1093.99	16.47	7	693	0	0	0	0	0
1095	1094.99	15.57	7	693	0	0	0	0	0
1096	1095.99	29.73	6	594	0	0	0	0	0
1097	1096.99	20.52	6	594	0	0	0	0	0
1098	1097.99	26.3	6	594	0	0	0	0	0
1099	1098.99	22.07	6	594	0	0	0	0	0
1100	1099.99	24.66	6	594	0	0	0	0	0
1101	1100.99	22.59	7	693	0	0	0	0	0
1102	1101.99	22.1	7	693	0	0	0	0	0
1103	1102.99	22.56	8	792	0	0	0	0	0
1104	1103.99	29.93	8	792	0	0	0	0	0
1105	1104.99	27.62	8	792	0	0	0	0	0
1106	1105.99	23	8	792	0	0	0	0	0
1107	1106.99	22.24	8	792	0	0	0	0	0
1108	1107.99	23.78	7	693	0	0	0	0	0
1109	1108.99	23.03	7	693	0	0	0	0	0
1110	1109.99	24.1	7	693	0	0	0	0	0
1111	1110.99	25.39	7	693	0	0	0	0	0
1112	1111.99	24.69	7	693	0	0	0	0	0
1113	1112.99	19.93	6	594	0	0	0	0	0
1114	1113.99	19.34	6	594	0	0	0	0	0
1115	1114.99	21.1	6	594	0	0	0	0	0
1116	1115.99	22.28	6	594	0	0	0	0	0
1117	1116.99	22.97	6	594	0	0	0	0	0
1118	1117.99	21.4	6	594	0	0	0	0	0
1119	1118.99	15.47	6	594	0	0	0	0	0
1120	1119.99	23.41	5	495	0	0	0	0	0
1121	1120.99	23.31	5	495	0	0	0	0	0
1122	1121.99	22.52	5	495	0	0	0	0	0
1123	1122.99	10.72	5	495	0	0	0	0	0
1124	1123.99	16.55	4	396	0	0	0	0	0
1125	1124.99	15.35	4	396	0	0	0	0	0
1126	1125.99	21.63	4	396	0	0	0	0	0
1127	1126.99	18.65	4	396	0	0	0	0	0
1128	1127.99	18.71	4	396	0	0	0	0	0
1129	1128.99	23.05	4	396	0	0	0	0	0
1130	1129.99	22.16	4	396	0	0	0	0	0
1131	1130.99	22.32	3	297	0	0	0	0	0
1132	1131.99	24.76	4	396	0	0	0	0	0
1133	1132.99	23.21	4	396	0	0	0	0	0
1134	1133.99	18.22	4	396	0	0	0	0	0
1135	1134.99	18.42	4	396	0	0	0	0	0
1136	1135.99	20.49	4	396	0	0	0	0	0
1137	1136.99	22.5	4	396	0	0	0	0	0
1138	1137.99	12.01	4	396	0	0	0	0	0
1139	1138.99	19.11	4	396	0	0	0	0	0
1140	1139.99	18.53	4	396	0	0	0	0	0
1141	1140.99	17.96	4	396	0	0	0	0	0
1142	1141.99	23.89	5	495	0	0	0	0	0
1143	1142.99	24.54	5	495	0	0	0	0	0
1144	1143.99	27.34	5	495	0	0	0	0	0
1145	1144.99	24.09	5	495	0	0	0	0	0
1146	1145.99	23.93	5	495	0	0	0	0	0
1147	1146.99	24.01	5	495	0	0	0	0	0
1148	1147.99	24.44	6	594	0	0	0	0	0
1149	1148.99	25.63	6	594	0	0	0	0	0
1150	1149.99	23.4	6	594	0	0	0	0	0
1151	1150.99	24.97	6	594	0	0	0	0	0
1152	1151.99	17.85	6	594	0	0	0	0	0
1153	1152.99	23.74	6	594	0	0	0	0	0
1154	1153.99	27.61	7	693	0	0	0	0	0
1155	1154.99	22.5	7	693	0	0	0	0	0
1156	1155.99	19.39	7	693	0	0	0	0	0
1157	1156.99	23.85	7	693	0	0	0	0	0
1158	1157.99	19.79	7	693	0	0	0	0	0
1159	1158.99	18.69	7	693	0	0	0	0	0
1160	1159.99	17.7	7	693	0	0	0	0	0
1161	1160.99	19.91	7	693	0	0	0	0	0
1162	1161.99	16.9	7	693	0	0	0	0	0
1163	1162.99	11.37	7	693	0	0	0	0	0
1164	1163.99	12.69	7	693	0	0	0	0	0
1165	1164.99	19.74	6	594	0	0	0	0	0
1166	1165.99	17.22	6	594	0	0	0	0	0
1167	1166.99	20.19	6	594	0	0	0	0	0
1168	1167.99	24.96	6	594	0	0	0	0	0
1169	1168.99	34.28	5	495	0	0	0	0	0
1170	1169.99	29.38	5	495	0	0	0	0	0
1171	1170.99	23.62	5	495	0	0	0	0	0
1172	1171.99	31.08	5	495	0	0	0	0	0
1173	1172.99	30.73	4	396	0	0	0	0	0
1174	1173.99	26.59	4	396	0	0	0	0	0
1175	1174.99	22.81	4	396	0	0	0	0	0
1176	1175.99	21.11	3	297	0	0	0	0	0
1177	1176.99	15.86	3	297	0	0	0	0	0
1178	1177.99	19.64	4	396	0	0	0	0	0
1179	1178.99	10.95	3	297	0	0	0	0	0
1180	1179.99	2.51	3	297	0	0	0	0	0
1181	1180.99	49.84	3	297	0	0	0	0	0
1182	1181.99	28.43	4	396	0	0	0	0	0
1183	1182.99	29.82	4	396	0	0	0	0	0
1184	1183.99	23.76	4	396	0	0	0	0	0
1185	1184.99	23.88	4	396	0	0	0	0	0
1186	1185.99	23.03	4	396	0	0	0	0	0
1187	1186.99	24.62	4	396	0	0	0	0	0
1188	1187.99	26.62	4	396	0	0	0	0	0
1189	1188.99	25.97	4	396	0	0	0	0	0
1190	1189.99	26.39	5	495	0	0	0	0	0
1191	1190.99	26.61	5	495	0	0	0	0	0
1192	1191.99	22.5	5	495	0	0	0	0	0
1193	1192.99	22.81	5	495	0	0	0	0	0
1194	1193.99	23.24	5	495	0	0	0	0	0
1195	1194.99	22.75	6	594	0	0	0	0	0
1196	1195.99	22.3	6	594	0	0	0	0	0
1197	1196.99	22.92	6	594	0	0	0	0	0
1198	1197.99	19.39	5	495	0	0	0	0	0
1199	1198.99	20.36	5	495	0	0	0	0	0
1200	1199.99	23.77	5	495	0	0	0	0	0
1201	1200.99	24.93	5	495	0	0	0	0	0
1202	1201.99	23.9	4	396	0	0	0	0	0
1203	1202.99	23.27	4	396	0	0	0	0	0
1204	1203.99	22.1	3	297	0	0	0	0	0
1205	1204.99	21.1	3	297	0	0	0	0	0
1206	1205.99	26.3	3	297	0	0	0	0	0
1207	1206.99	26.9	3	297	0	0	0	0	0
1208	1207.99	15.2	2	198	0	0	0	0	0
1209	1208.99	45.3	2	198	0	0	0	0	0
1210	1209.99	26	2	198	0	0	0	0	0
1211	1210.99	23.6	3	297	0	0	0	0	0
1212	1211.99	23.86	3	297	0	0	0	0	0
1213	1212.99	25.67	3	297	0	0	0	0	0
1214	1213.99	24.38	3	297	0	0	0	0	0
1215	1214.99	26.37	5	495	0	0	0	0	0
1216	1215.99	23.49	5	495	0	0	0	0	0
1217	1216.99	32.77	5	495	0	0	0	0	0
1218	1217.99	31.32	5	495	0	0	0	0	0
1219	1218.99	25.37	5	495	0	0	0	0	0
1220	1219.99	23.62	5	495	0	0	0	0	0
1221	1220.99	21.79	5	495	0	0	0	0	0
1222	1221.99	22.03	5	495	0	0	0	0	0
1223	1222.99	22.26	6	594	0	0	0	0	0
1224	1223.99	19.33	6	594	0	0	0	0	0
1225	1224.99	19.09	6	594	0	0	0	0	0
1226	1225.99	18.92	7	693	0	0	0	0	0
1227	1226.99	20.26	7	693	0	0	0	0	0
1228	1227.99	22.28	7	693	0	0	0	0	0
1229	1228.99	21.85	7	693	0	0	0	0	0
1230	1229.99	14.13	7	693	0	0	0	0	0
1231	1230.99	21.67	8	792	0	0	0	0	0
1232	1231.99	21.3	8	792	0	0	0	0	0
1233	1232.99	21.98	8	792	0	0	0	0	0
1234	1233.99	22.69	9	891	0	0	0	0	0
1235	1234.99	22.63	9	891	0	0	0	0	0
1236	1235.99	32.47	8	792	0	0	0	0	0
1237	1236.99	12.58	8	792	0	0	0	0	0
1238	1237.99	17.09	7	693	0	0	0	0	0
1239	1238.99	26.49	7	693	0	0	0	0	0
1240	1239.99	22.1	7	693	0	0	0	0	0
1241	1240.99	22.3	8	792	0	0	0	0	0
1242	1241.99	18.64	8	792	0	0	0	0	0
1243	1242.99	18.62	8	792	0	0	0	0	0
1244	1243.99	19.49	8	792	0	0	0	0	0
1245	1244.99	20.11	7	693	0	0	0	0	0
1246	1245.99	21.64	7	693	0	0	0	0	0
1247	1246.99	7.91	7	693	0	0	0	0	0
1248	1247.99	7.91	2	198	0	0	0	0	0
1249	1248.9	22	2	198	0	0	0	0	0
1250	1249.9	19	2	198	0	0	0	0	0
1251	1250.9	21.05	3	297	0	0	0	0	0
1252	1251.9	20.78	3	297	0	0	0	0	0
1253	1252.9	22.78	3	297	0	0	0	0	0
1254	1253.9	22.22	3	297	0	0	0	0	0
1255	1254.9	21	2	198	0	0	0	0	0
1256	1255.9	20	2	198	0	0	0	0	0
1257	1256.9	19	3	297	0	0	0	0	0
1258	1257.9	21	2	198	0	0	0	0	0
1259	1258.9	20	3	297	0	0	0	0	0
1260	1259.9	19	2	198	0	0	0	0	0
1261	1260.9	20	3	297	0	0	0	0	0
1262	1261.9	19.09	2	198	0	0	0	0	0
1263	1262.9	20.34	3	297	0	0	0	0	0
1264	1263.9	20.67	2	198	0	0	0	0	0
1265	1264.9	19	3	297	0	0	0	0	0
1266	1265.9	19.17	2	198	0	0	0	0	0
1267	1266.9	20.1	3	297	0	0	0	0	0
1268	1267.9	22	3	297	0	0	0	0	0
1269	1268.9	23.9	4	396	0	0	0	0	0
1270	1269.9	25.8	5	495	0	0	0	0	0
1271	1270.9	27.7	8	792	0	0	0	0	0
1272	1271.9	29.6	9	891	0	0	0	0	0
1273	1272.9	31.5	11	1089	0	0	0	0	0
1274	1273.9	33.4	12	1188	0	0	0	0	0
1275	1274.9	32	13	1287	0	0	0	0	0
1276	1275.9	33	12	1188	0	0	0	0	0
1277	1276.9	31	13	1287	0	0	0	0	0
1278	1277.9	30	14	1386	0	0	0	0	0
1279	1278.9	32	13	1287	0	0	0	0	0
1280	1279.9	30	16	1584	0	0	0	0	0
1281	1280.9	31	18	1782	0	0	0	0	0
1282	1281.9	29.5	20	1980	0	0	0	0	0
1283	1282.9	28	23	2277	0	0	0	0	0
1284	1283.9	23.32	24	2376	0	0	0	0	0
1285	1284.9	22	27	2673	0	0	0	0	0
1286	1285.9	22.7	29	2871	0	0	0	0	0
1287	1286.9	23.34	30	2970	0	0	0	0	0
1288	1287.9	24.85	33	3267	0	0	0	0	0
1289	1288.9	25	33	3267	0	0	0	0	0
1290	1289.9	23.17	31	3069	0	0	0	0	0
1291	1290.9	23.32	32	3168	0	0	0	0	0
1292	1291.9	22	25	2475	0	0	0	0	0
1293	1292.9	21	23	2277	0	0	0	0	0
1294	1293.9	20	22	2178	0	0	0	0	0
1295	1294.9	21	21	2079	0	0	0	0	0
1296	1295.9	22	23	2277	0	0	0	0	0
1297	1296.9	23	24	2376	0	0	0	0	0
1298	1297.9	24	26	2574	0	0	0	0	0
1299	1298.9	22	29	2871	0	0	0	0	0
1300	1299.9	20	31	3069	0	0	0	0	0
1301	1300.9	22.5	33	3267	0	0	0	0	0
1302	1301.9	21.96	36	3564	0	0	0	0	0
1303	1302.9	21.31	38	3762	0	0	0	0	0
1304	1303.9	22.53	40	3960	0	0	0	0	0
1305	1304.9	23.82	67	6633	0	0	0	0	0
1306	1305.9	21	67	6633	0	0	0	0	0
1307	1306.9	21.54	67	6633	0	0	0	0	0
1308	1307.9	20.06	62	6138	0	0	0	0	0
1309	1308.9	18	59	5841	0	0	0	0	0
1310	1309.9	17.05	56	5544	0	0	0	0	0
1311	1310.9	15.61	53	5247	0	0	0	0	0
1312	1311.9	16.05	50	4950	0	0	0	0	0
1313	1312.9	17.25	49	4851	0	0	0	0	0
1314	1313.9	16.78	51	5049	0	0	0	0	0
1315	1314.9	18.5	52	5148	0	0	0	0	0
1316	1315.9	20.32	49	4851	0	0	0	0	0
1317	1316.9	22	46	4554	0	0	0	0	0
1318	1317.9	21	43	4257	0	0	0	0	0
1319	1318.9	22.09	40	3960	0	0	0	0	0
1320	1319.9	20	37	3663	0	0	0	0	0
1321	1320.9	23	34	3366	0	0	0	0	0
1322	1321.9	22	31	3069	0	0	0	0	0
1323	1322.9	21	28	2772	0	0	0	0	0
1324	1323.9	20	25	2475	0	0	0	0	0
1325	1324.9	21.59	22	2178	0	0	0	0	0
1326	1325.9	21.75	21	2079	0	0	0	0	0
1327	1326.9	20	20	1980	0	0	0	0	0
1328	1327.9	18.5	19	1881	0	0	0	0	0
1329	1328.9	19.54	18	1782	0	0	0	0	0
1330	1329.9	17.6	17	1683	0	0	0	0	0
1331	1330.9	19.6	16	1584	0	0	0	0	0
1332	1331.9	21.99	15	1485	0	0	0	0	0
1333	1332.9	23.67	14	1386	0	0	0	0	0
1334	1333.9	19.26	13	1287	0	0	0	0	0
1335	1334.9	22.37	12	1188	0	0	0	0	0
1336	1335.9	21.4	11	1089	0	0	0	0	0
1337	1336.9	20.85	10	990	0	0	0	0	0
1338	1337.9	19.38	9	891	0	0	0	0	0
1339	1338.9	20.14	8	792	0	0	0	0	0
1340	1339.9	20.3	7	693	0	0	0	0	0
1341	1340.9	23.1	8	792	0	0	0	0	0
1342	1341.9	24.37	9	891	0	0	0	0	0
1343	1342.9	23.56	7	693	0	0	0	0	0
1344	1343.9	25	5	495	0	0	0	0	0
1345	1344.9	24	6	594	0	0	0	0	0
1346	1345.9	22	7	693	0	0	0	0	0
1347	1346.9	21	6	594	0	0	0	0	0
1348	1347.9	20	5	495	0	0	0	0	0
1349	1348.9	18.6	6	594	0	0	0	0	0
1350	1349.9	18.9	7	693	0	0	0	0	0
1351	1350.9	18.99	8	792	0	0	0	0	0
1352	1351.9	20.1	7	693	0	0	0	0	0
1353	1352.9	22.04	5	495	0	0	0	0	0
1354	1353.9	22	6	594	0	0	0	0	0
1355	1354.9	21.23	6	594	0	0	0	0	0
1356	1355.9	20.07	7	693	0	0	0	0	0
1357	1356.9	22.9	6	594	0	0	0	0	0
1358	1357.9	22.56	5	495	0	0	0	0	0
1359	1358.9	21.32	6	594	0	0	0	0	0
1360	1359.9	22.07	8	792	0	0	0	0	0
1361	1360.9	20.97	7	693	0	0	0	0	0
1362	1361.9	21.5	6	594	0	0	0	0	0
1363	1362.9	22.13	5	495	0	0	0	0	0
1364	1363.9	22.13	6	594	0	0	0	0	0
1365	1364.9	23.63	5	495	0	0	0	0	0
1366	1365.9	22.82	6	594	0	0	0	0	0
1367	1366.9	23.97	6	594	0	0	0	0	0
1368	1367.9	22.12	5	495	0	0	0	0	0
1369	1368.9	23.1	6	594	0	0	0	0	0
1370	1369.9	21.96	7	693	0	0	0	0	0
1371	1370.9	21.96	7	693	0	0	0	0	0
1372	1371.9	21.96	7	693	0	0	0	0	0
1373	1372.9	21.96	7	693	0	0	0	0	0
1374	1374.99	45.05	7	693	0	0	0	0	0
1375	1375.99	19.37	7	693	0	0	0	0	0
1376	1376.99	14.84	6	594	0	0	0	0	0
1377	1377.99	6.56	6	594	0	0	0	0	0
1378	1378.99	16.32	6	594	0	0	0	0	0
1379	1379.99	16.62	6	594	0	0	0	0	0
1380	1380.99	22.33	6	594	0	0	0	0	0
1381	1381.99	19.76	5	495	0	0	0	0	0
1382	1382.99	20.02	5	495	0	0	0	0	0
1383	1383.99	25.93	5	495	0	0	0	0	0
1384	1384.99	14.71	5	495	0	0	0	0	0
1385	1385.99	18.54	5	495	0	0	0	0	0
1386	1386.99	18.01	5	495	0	0	0	0	0
1387	1387.99	22.97	5	495	0	0	0	0	0
1388	1388.99	20.12	4	396	0	0	0	0	0
1389	1389.99	26.27	4	396	0	0	0	0	0
1390	1390.99	29.26	4	396	0	0	0	0	0
1391	1391.99	39.14	5	495	0	0	0	0	0
1392	1392.99	32.25	5	495	0	0	0	0	0
1393	1393.99	29.12	5	495	0	0	0	0	0
1394	1394.99	27.18	5	495	0	0	0	0	0
1395	1395.99	29.11	5	495	0	0	0	0	0
1396	1396.99	28.1	5	495	0	0	0	0	0
1397	1397.99	23.63	5	495	0	0	0	0	0
1398	1398.99	20.63	4	396	0	0	0	0	0
1399	1399.99	22.63	4	396	0	0	0	0	0
1400	1400.99	24.73	4	396	0	0	0	0	0
1401	1401.99	23.64	4	396	0	0	0	0	0
1402	1402.99	23.78	4	396	0	0	0	0	0
1403	1403.99	24.07	4	396	0	0	0	0	0
1404	1404.99	23.51	5	495	0	0	0	0	0
1405	1405.99	24.99	5	495	0	0	0	0	0
1406	1406.99	23.1	6	594	0	0	0	0	0
1407	1407.99	16.04	6	594	0	0	0	0	0
1408	1408.99	59.96	6	594	0	0	0	0	0
1409	1409.99	289.22	6	594	0	0	0	0	0
1410	1410.99	22.01	6	594	0	0	0	0	0
1411	1411.99	18.12	5	495	0	0	0	0	0
1412	1412.99	14.76	5	495	0	0	0	0	0
1413	1413.99	6.09	5	495	0	0	0	0	0
1414	1414.99	21.63	5	495	0	0	0	0	0
1415	1415.99	21.02	5	495	0	0	0	0	0
1416	1416.99	29.17	6	594	0	0	0	0	0
1417	1417.99	21.14	6	594	0	0	0	0	0
1418	1418.99	24.09	6	594	0	0	0	0	0
1419	1419.99	22.13	6	594	0	0	0	0	0
1420	1420.99	23.76	6	594	0	0	0	0	0
1421	1421.99	24.04	7	693	0	0	0	0	0
1422	1422.99	24.79	7	693	0	0	0	0	0
1423	1423.99	24.98	7	693	0	0	0	0	0
1424	1424.99	24.33	7	693	0	0	0	0	0
1425	1425.99	25.32	8	792	0	0	0	0	0
1426	1426.99	15.75	8	792	0	0	0	0	0
1427	1427.99	20.72	10	990	0	0	0	0	0
1428	1428.99	24.88	10	990	0	0	0	0	0
1429	1429.99	23.6	10	990	0	0	0	0	0
1430	1430.99	24.59	10	990	0	0	0	0	0
1431	1431.99	23.53	10	990	0	0	0	0	0
1432	1432.99	21.53	11	1089	0	0	0	0	0
1433	1433.99	22.25	11	1089	0	0	0	0	0
1434	1434.99	20.14	11	1089	0	0	0	0	0
1435	1435.99	13.74	11	1089	0	0	0	0	0
1436	1436.99	169.07	12	1188	0	0	0	0	0
1437	1437.99	192.07	12	1188	0	0	0	0	0
1438	1438.99	16.96	12	1188	0	0	0	0	0
1439	1439.99	19.37	12	1188	0	0	0	0	0
1440	1440.99	21.59	12	1188	0	0	0	0	0
1441	1441.99	22.27	10	990	0	0	0	0	0
1442	1442.99	22.26	10	990	0	0	0	0	0
1443	1443.99	22.86	10	990	0	0	0	0	0
1444	1444.99	23.02	10	990	0	0	0	0	0
1445	1445.99	22.42	10	990	0	0	0	0	0
1446	1446.99	21.84	11	1089	0	0	0	0	0
1447	1447.99	21.93	11	1089	0	0	0	0	0
1448	1448.99	22.06	11	1089	0	0	0	0	0
1449	1449.99	20.7	10	990	0	0	0	0	0
1450	1450.99	20.68	10	990	0	0	0	0	0
1451	1451.99	20.71	9	891	0	0	0	0	0
1452	1452.99	19.7	9	891	0	0	0	0	0
1453	1453.99	19.32	9	891	0	0	0	0	0
1454	1454.99	19.37	8	792	0	0	0	0	0
1455	1455.99	17.95	8	792	0	0	0	0	0
1456	1456.99	19.01	8	792	0	0	0	0	0
1457	1457.99	4.02	8	792	0	0	0	0	0
1458	1458.99	0.86	7	693	0	0	0	0	0
1459	1459.99	0.82	7	693	0	0	0	0	0
1460	1460.99	0.77	7	693	0	0	0	0	0
1461	1461.99	1.54	6	594	0	0	0	0	0
1462	1462.99	17.04	6	594	0	0	0	0	0
1463	1463.99	20.72	6	594	0	0	0	0	0
1464	1464.99	17.46	6	594	0	0	0	0	0
1465	1465.99	20.05	6	594	0	0	0	0	0
1466	1466.99	4.49	6	594	0	0	0	0	0
1467	1467.99	14.08	5	495	0	0	0	0	0
1468	1468.99	20.38	5	495	0	0	0	0	0
1469	1469.99	17.34	5	495	0	0	0	0	0
1470	1470.99	16.01	4	396	0	0	0	0	0
1471	1471.99	23.32	4	396	0	0	0	0	0
1472	1472.99	23.17	4	396	0	0	0	0	0
1473	1473.99	22.94	4	396	0	0	0	0	0
1474	1474.99	21.37	4	396	0	0	0	0	0
1475	1475.99	25.02	3	297	0	0	0	0	0
1476	1476.99	22.72	3	297	0	0	0	0	0
1477	1477.99	24.34	3	297	0	0	0	0	0
1478	1478.99	23.71	3	297	0	0	0	0	0
1479	1479.99	21.39	4	396	0	0	0	0	0
1480	1480.99	23.9	4	396	0	0	0	0	0
1481	1481.99	20.64	4	396	0	0	0	0	0
1482	1482.99	21.75	4	396	0	0	0	0	0
1483	1483.99	14.23	4	396	0	0	0	0	0
1484	1481.68	17.92	2	198	0	0	0	0	0
1485	1481.68	17.92	3	297	0	0	0	0	0
1486	1483.24	13.79	3	297	0	0	0	0	0
1487	1485.54	14.27	4	396	0	0	0	0	0
1488	1486.54	16.15	5	495	0	0	0	0	0
1489	1487.54	20.12	4	396	0	0	0	0	0
1490	1488.54	18.53	3	297	0	0	0	0	0
1491	1490.9	11	2	198	0	0	0	0	0
1492	1491.9	10.59	3	297	0	0	0	0	0
1493	1492.9	12	3	297	0	0	0	0	0
1494	1493.9	13	2	198	0	0	0	0	0
1495	1494.9	13.77	3	297	0	0	0	0	0
1496	1495.9	15	2	198	0	0	0	0	0
1497	1496.9	18.99	3	297	0	0	0	0	0
1498	1497.9	17	2	198	0	0	0	0	0
1499	1498.9	18	3	297	0	0	0	0	0
1500	1499.9	17	3	297	0	0	0	0	0
1501	1500.9	16.52	2	198	0	0	0	0	0
1502	1501.9	15	3	297	0	0	0	0	0
1503	1502.9	17.81	2	198	0	0	0	0	0
1504	1503.9	20	3	297	0	0	0	0	0
1505	1504.9	20.85	2	198	0	0	0	0	0
1506	1505.9	18	3	297	0	0	0	0	0
1507	1506.9	17.63	3	297	0	0	0	0	0
1508	1507.9	16.84	2	198	0	0	0	0	0
1509	1508.9	17.34	3	297	0	0	0	0	0
1510	1509.9	17.69	3	297	0	0	0	0	0
1511	1510.9	18.42	2	198	0	0	0	0	0
1512	1511.9	19.86	2	198	0	0	0	0	0
1513	1512.9	16	3	297	0	0	0	0	0
1514	1513.9	15.54	3	297	0	0	0	0	0
1515	1514.9	14	3	297	0	0	0	0	0
1516	1515.9	13.27	3	297	0	0	0	0	0
1517	1516.9	12.75	3	297	0	0	0	0	0
1518	1517.9	14.63	2	198	0	0	0	0	0
1519	1518.9	13	2	198	0	0	0	0	0
1520	1519.9	13	3	297	0	0	0	0	0
1521	1520.9	14	2	198	0	0	0	0	0
1522	1521.9	12	3	297	0	0	0	0	0
1523	1522.9	13	3	297	0	0	0	0	0
1524	1523.9	14	2	198	0	0	0	0	0
1525	1524.9	15.95	2	198	0	0	0	0	0
1526	1525.9	16.42	3	297	0	0	0	0	0
1527	1526.9	15	3	297	0	0	0	0	0
1528	1527.9	17.54	2	198	0	0	0	0	0
1529	1528.9	19	3	297	0	0	0	0	0
1530	1529.9	22	2	198	0	0	0	0	0
1531	1530.9	20.4	3	297	0	0	0	0	0
1532	1531.9	22.97	2	198	0	0	0	0	0
1533	1532.9	20.33	3	297	0	0	0	0	0
1534	1533.9	23.13	2	198	0	0	0	0	0
1535	1534.9	21.52	3	297	0	0	0	0	0
1536	1535.9	19.55	2	198	0	0	0	0	0
1537	1536.9	20.71	3	297	0	0	0	0	0
1538	1537.9	20.38	2	198	0	0	0	0	0
1539	1538.9	19.24	3	297	0	0	0	0	0
1540	1539.9	19.26	2	198	0	0	0	0	0
1541	1540.9	18.01	2	198	0	0	0	0	0
1542	1541.9	20.14	3	297	0	0	0	0	0
1543	1542.9	22	3	297	0	0	0	0	0
1544	1543.9	22.38	2	198	0	0	0	0	0
1545	1544.9	23	3	297	0	0	0	0	0
1546	1545.9	25	3	297	0	0	0	0	0
1547	1546.9	26	2	198	0	0	0	0	0
1548	1547.9	27.1	3	297	0	0	0	0	0
1549	1548.9	23	3	297	0	0	0	0	0
1550	1549.9	24.87	2	198	0	0	0	0	0
1551	1550.9	22.54	2	198	0	0	0	0	0
1552	1551.9	18.88	2	198	0	0	0	0	0
1553	1552.9	18.02	2	198	0	0	0	0	0
1554	1553.9	20.46	2	198	0	0	0	0	0
1555	1554.9	17.9	2	198	0	0	0	0	0
1556	1555.9	17.32	2	198	0	0	0	0	0
1557	1556.9	17.19	3	297	0	0	0	0	0
1558	1557.9	15.17	3	297	0	0	0	0	0
1559	1558.9	14.91	3	297	0	0	0	0	0
1560	1559.9	3.94	3	297	0	0	0	0	0
1561	1560.9	18.99	3	297	0	0	0	0	0
1562	1561.9	17.19	3	297	0	0	0	0	0
1563	1562.9	15.12	3	297	0	0	0	0	0
1564	1563.9	14.6	3	297	0	0	0	0	0
1565	1564.9	17.79	4	396	0	0	0	0	0
1566	1565.9	16.26	4	396	0	0	0	0	0
1567	1566.9	18.92	4	396	0	0	0	0	0
1568	1567.9	15.99	6	594	0	0	0	0	0
1569	1568.9	19.69	9	891	0	0	0	0	0
1570	1569.9	18.22	9	891	0	0	0	0	0
1571	1570.9	19.13	9	891	0	0	0	0	0
1572	1571.9	19.24	9	891	0	0	0	0	0
1573	1572.9	18.66	9	891	0	0	0	0	0
1574	1573.9	17.31	9	891	0	0	0	0	0
1575	1574.9	14.3	9	891	0	0	0	0	0
1576	1575.9	14.02	9	891	0	0	0	0	0
1577	1576.9	13.94	9	891	0	0	0	0	0
1578	1577.9	20.28	9	891	0	0	0	0	0
1579	1578.9	24.7	10	990	0	0	0	0	0
1580	1579.9	17.44	10	990	0	0	0	0	0
1581	1580.9	17.24	10	990	0	0	0	0	0
1582	1581.9	12.61	10	990	0	0	0	0	0
1583	1582.9	17.22	10	990	0	0	0	0	0
1584	1583.9	15.34	10	990	0	0	0	0	0
1585	1584.9	16.43	10	990	0	0	0	0	0
1586	1585.9	15.76	11	1089	0	0	0	0	0
1587	1586.9	15.46	11	1089	0	0	0	0	0
1588	1587.9	13.75	11	1089	0	0	0	0	0
1589	1588.9	14.21	11	1089	0	0	0	0	0
1590	1589.9	12.3	11	1089	0	0	0	0	0
1591	1590.9	13.78	11	1089	0	0	0	0	0
1592	1591.9	14.2	11	1089	0	0	0	0	0
1593	1592.9	13.85	10	990	0	0	0	0	0
1594	1593.9	11.33	10	990	0	0	0	0	0
1595	1594.9	14.86	10	990	0	0	0	0	0
1596	1595.9	16.8	10	990	0	0	0	0	0
1597	1596.9	16.56	8	792	0	0	0	0	0
1598	1597.9	16.55	8	792	0	0	0	0	0
1599	1597.9	16.8	8	792	0	0	0	0	0
1600	1597.9	13.84	8	792	0	0	0	0	0
1601	1600.9	15.61	10	990	0	0	0	0	0
1602	1601.9	15.25	12	1188	0	0	0	0	0
1603	1602.9	13.97	14	1386	0	0	0	0	0
1604	1603.9	13.93	16	1584	0	0	0	0	0
1605	1604.9	2.35	18	1782	0	0	0	0	0
1606	1605.9	2.35	20	1980	0	0	0	0	0
1607	1606.9	2.35	21	2079	0	0	0	0	0
1608	1607.9	2.35	23	2277	0	0	0	0	0
1609	1608.9	13.27	25	2475	0	0	0	0	0
1610	1609.9	13.2	28	2772	0	0	0	0	0
1611	1610.9	27.94	30	2970	0	0	0	0	0
1612	1611.9	25.74	31	3069	0	0	0	0	0
1613	1612.9	19.57	31	3069	0	0	0	0	0
1614	1613.9	20.68	31	3069	0	0	0	0	0
1615	1614.9	21.18	28	2772	0	0	0	0	0
1616	1615.9	21.36	25	2475	0	0	0	0	0
1617	1616.9	21.27	22	2178	0	0	0	0	0
1618	1617.9	21.6	18	1782	0	0	0	0	0
1619	1618.9	21.59	12	1188	0	0	0	0	0
1620	1619.9	21.04	8	792	0	0	0	0	0
1621	1620.9	17.94	5	495	0	0	0	0	0
1622	1621.9	25.17	5	495	0	0	0	0	0
1623	1622.9	15.88	5	495	0	0	0	0	0
1624	1623.9	18.17	5	495	0	0	0	0	0
1625	1624.9	13.62	5	495	0	0	0	0	0
1626	1625.9	12.34	5	495	0	0	0	0	0
1627	1626.9	13.57	5	495	0	0	0	0	0
1628	1627.9	14.06	5	495	0	0	0	0	0
1629	1628.9	12.47	6	594	0	0	0	0	0
1630	1629.9	14.34	6	594	0	0	0	0	0
1631	1630.9	13.77	6	594	0	0	0	0	0
1632	1631.9	13.74	8	792	0	0	0	0	0
1633	1632.9	14.96	8	792	0	0	0	0	0
1634	1633.9	15.75	8	792	0	0	0	0	0
1635	1634.9	12.96	6	594	0	0	0	0	0
1636	1635.9	16.79	6	594	0	0	0	0	0
1637	1636.9	15.2	1	99	0	0	0	0	0
1638	1637.9	12.42	1	99	0	0	0	0	0
1639	1638.9	12.42	2	198	0	0	0	0	0
1640	1639.9	13.52	2	198	0	0	0	0	0
1641	1640.9	20.08	2	198	0	0	0	0	0
1642	1641.9	9.05	2	198	0	0	0	0	0
1643	1642.9	21.16	2	198	0	0	0	0	0
1644	1643.9	21.86	2	198	0	0	0	0	0
1645	1644.9	56.31	3	297	0	0	0	0	0
1646	1645.9	53.63	3	297	0	0	0	0	0
1647	1646.9	33.49	3	297	0	0	0	0	0
1648	1647.8	31.77	2	198	0	0	0	0	0
1649	1648.8	29.79	2	198	0	0	0	0	0
1650	1649.8	30.04	2	198	0	0	0	0	0
1651	1650.8	31.51	2	198	0	0	0	0	0
1652	1651.8	19.77	3	297	0	0	0	0	0
1653	1652.8	19.62	2	198	0	0	0	0	0
1654	1653.8	17.72	3	297	0	0	0	0	0
1655	1654.8	24.33	3	297	0	0	0	0	0
1656	1655.8	20.42	2	198	0	0	0	0	0
1657	1656.8	21.49	2	198	0	0	0	0	0
1658	1657.8	30	2	198	0	0	0	0	0
1659	1658.8	35	2	198	0	0	0	0	0
1660	1659.8	46.72	2	198	0	0	0	0	0
1661	1660.8	46	3	297	0	0	0	0	0
1662	1661.8	44	3	297	0	0	0	0	0
1663	1661.8	39	2	198	0	0	0	0	0
1664	1661.8	36.16	2	198	0	0	0	0	0
1665	1661.8	42.24	4	396	0	0	0	0	0
1666	1662.76	33.94	4	396	0	0	0	0	0
1667	1663.71	18.43	4	396	0	0	0	0	0
1668	1664.67	16.15	4	396	0	0	0	0	0
1669	1665.62	18	4	396	0	0	0	0	0
1670	1666.58	18	3	297	0	0	0	0	0
1671	1667.53	16.55	3	297	0	0	0	0	0
1672	1668.49	17.13	3	297	0	0	0	0	0
1673	1669.44	15.65	3	297	0	0	0	0	0
1674	1670.4	13.54	2	198	0	0	0	0	0
1675	1671.36	14.55	2	198	0	0	0	0	0
1676	1672.31	17.24	2	198	0	0	0	0	0
1677	1673.27	13.5	2	198	0	0	0	0	0
1678	1674.22	18.73	2	198	0	0	0	0	0
1679	1675.18	21.27	4	396	0	0	0	0	0
1680	1676.13	21.73	4	396	0	0	0	0	0
1681	1677.09	19.18	4	396	0	0	0	0	0
1682	1678.04	18.33	4	396	0	0	0	0	0
1683	1679	15.07	4	396	0	0	0	0	0
1684	1679.95	15.15	4	396	0	0	0	0	0
1685	1680.91	19.63	4	396	0	0	0	0	0
1686	1681.86	31.48	3	297	0	0	0	0	0
1687	1682.82	24.68	3	297	0	0	0	0	0
1688	1683.77	19.93	3	297	0	0	0	0	0
1689	1684.73	20.1	3	297	0	0	0	0	0
1690	1685.69	21.59	3	297	0	0	0	0	0
1691	1686.64	23.79	3	297	0	0	0	0	0
1692	1687.6	22.03	3	297	0	0	0	0	0
1693	1688.55	26.01	3	297	0	0	0	0	0
1694	1689.51	24.51	3	297	0	0	0	0	0
1695	1690.46	22.51	4	396	0	0	0	0	0
1696	1691.42	24.09	4	396	0	0	0	0	0
1697	1692.37	27.23	4	396	0	0	0	0	0
1698	1693.33	26.37	4	396	0	0	0	0	0
1699	1694.28	23.44	4	396	0	0	0	0	0
1700	1695.24	14.43	4	396	0	0	0	0	0
1701	1696.19	15.51	4	396	0	0	0	0	0
1702	1697.15	15.75	2	198	0	0	0	0	0
1703	1698.11	15.52	2	198	0	0	0	0	0
1704	1699.06	11.95	2	198	0	0	0	0	0
1705	1700.02	14.45	2	198	0	0	0	0	0
1706	1700.97	13.03	2	198	0	0	0	0	0
1707	1701.93	14.93	2	198	0	0	0	0	0
1708	1702.88	16.63	4	396	0	0	0	0	0
1709	1703.84	16.15	4	396	0	0	0	0	0
1710	1704.79	15.41	4	396	0	0	0	0	0
1711	1705.75	15.97	4	396	0	0	0	0	0
1712	1706.7	14.64	4	396	0	0	0	0	0
1713	1707.66	24.61	4	396	0	0	0	0	0
1714	1708.61	23.24	3	297	0	0	0	0	0
1715	1709.57	29.8	5	495	0	0	0	0	0
1716	1710.53	27.05	5	495	0	0	0	0	0
1717	1711.48	18.87	5	495	0	0	0	0	0
1718	1712.44	21.75	6	594	0	0	0	0	0
1719	1713.39	25.96	6	594	0	0	0	0	0
1720	1714.35	22.57	6	594	0	0	0	0	0
1721	1715.3	17.96	8	792	0	0	0	0	0
1722	1716.26	22.31	8	792	0	0	0	0	0
1723	1717.21	21.2	9	891	0	0	0	0	0
1724	1718.17	23.24	9	891	0	0	0	0	0
1725	1719.12	24.51	9	891	0	0	0	0	0
1726	1720.08	21.74	9	891	0	0	0	0	0
1727	1721.03	23.63	11	1089	0	0	0	0	0
1728	1721.99	22.92	11	1089	0	0	0	0	0
1729	1722.94	16.02	15	1485	0	0	0	0	0
1730	1723.9	19.59	15	1485	0	0	0	0	0
1731	1724.86	21.15	17	1683	0	0	0	0	0
1732	1725.81	20.91	17	1683	0	0	0	0	0
1733	1726.77	15.67	19	1881	0	0	0	0	0
1734	1727.72	13.36	19	1881	0	0	0	0	0
1735	1728.68	15.45	22	2178	0	0	0	0	0
1736	1729.63	14.86	22	2178	0	0	0	0	0
1737	1730.59	9.66	22	2178	0	0	0	0	0
1738	1731.54	10.36	23	2277	0	0	0	0	0
1739	1732.5	11.68	23	2277	0	0	0	0	0
1740	1733.45	17.63	20	1980	0	0	0	0	0
1741	1734.41	20.79	15	1485	0	0	0	0	0
1742	1735.36	22.19	18	1782	0	0	0	0	0
1743	1736.32	17.61	24	2376	0	0	0	0	0
1744	1737.28	16.22	23	2277	0	0	0	0	0
1745	1738.23	17.23	23	2277	0	0	0	0	0
1746	1739.19	13.41	23	2277	0	0	0	0	0
1747	1740.14	16.15	23	2277	0	0	0	0	0
1748	1741.1	13.05	23	2277	0	0	0	0	0
1749	1742.05	14.03	23	2277	0	0	0	0	0
1750	1743.01	16.18	23	2277	0	0	0	0	0
1751	1743.96	15.63	23	2277	0	0	0	0	0
1752	1744.92	17.12	25	2475	0	0	0	0	0
1753	1745.87	17.78	25	2475	0	0	0	0	0
1754	1746.83	15.55	25	2475	0	0	0	0	0
1755	1747.78	15.18	25	2475	0	0	0	0	0
1756	1748.74	15.9	22	2178	0	0	0	0	0
1757	1749.69	15.92	22	2178	0	0	0	0	0
1758	1750.65	16.73	22	2178	0	0	0	0	0
1759	1751.61	12.77	22	2178	0	0	0	0	0
1760	1752.56	47.52	20	1980	0	0	0	0	0
1761	1753.52	42	20	1980	0	0	0	0	0
1762	1754.47	42	20	1980	0	0	0	0	0
1763	1755.43	42	20	1980	0	0	0	0	0
1764	1756.38	31.8	18	1782	0	0	0	0	0
1765	1757.34	35.08	18	1782	0	0	0	0	0
1766	1758.29	35	18	1782	0	0	0	0	0
1767	1759.25	18	18	1782	0	0	0	0	0
1768	1760.2	11.9	16	1584	0	0	0	0	0
1769	1761.16	35.6	16	1584	0	0	0	0	0
1770	1762.11	20.73	16	1584	0	0	0	0	0
1771	1763.07	23.9	15	1485	0	0	0	0	0
1772	1764.03	33.21	15	1485	0	0	0	0	0
1773	1764.98	28.55	15	1485	0	0	0	0	0
1774	1765.94	30.6	12	1188	0	0	0	0	0
1775	1766.89	23.52	12	1188	0	0	0	0	0
1776	1767.85	21.97	12	1188	0	0	0	0	0
1777	1768.8	30.55	12	1188	0	0	0	0	0
1778	1769.76	40.45	10	990	0	0	0	0	0
1779	1770.71	35	10	990	0	0	0	0	0
1780	1771.67	40.59	10	990	0	0	0	0	0
1781	1772.62	45	8	792	0	0	0	0	0
1782	1773.58	36.89	8	792	0	0	0	0	0
1783	1774.53	40	8	792	0	0	0	0	0
1784	1775.49	42	8	792	0	0	0	0	0
1785	1776.44	38	5	495	0	0	0	0	0
1786	1777.4	36	5	495	0	0	0	0	0
1787	1778.36	34	5	495	0	0	0	0	0
1788	1779.31	37.17	4	396	0	0	0	0	0
1789	1780.27	43	4	396	0	0	0	0	0
1790	1781.22	45	4	396	0	0	0	0	0
1791	1782.18	50	4	396	0	0	0	0	0
1792	1783.13	55	4	396	0	0	0	0	0
1793	1784.09	58	4	396	0	0	0	0	0
1794	1785.04	58	4	396	0	0	0	0	0
1795	1786	60	3	297	0	0	0	0	0
1796	1786.95	60	3	297	0	0	0	0	0
1797	1787.91	54	3	297	0	0	0	0	0
1798	1788.86	52	3	297	0	0	0	0	0
1799	1789.82	40	3	297	0	0	0	0	0
1800	1790.78	40	3	297	0	0	0	0	0
1801	1791.73	40	3	297	0	0	0	0	0
1802	1792.69	40	3	297	0	0	0	0	0
1803	1793.64	46	2	198	0	0	0	0	0
1804	1794.6	46	2	198	0	0	0	0	0
1805	1795.55	46	2	198	0	0	0	0	0
1806	1796.51	46	2	198	0	0	0	0	0
1807	1797.46	46	2	198	0	0	0	0	0
1808	1798.42	50	2	198	0	0	0	0	0
1809	1799.37	50	2	198	0	0	0	0	0
1810	1800.33	50	2	198	0	0	0	0	0
1811	1801.28	50	2	198	0	0	0	0	0
1812	1802.24	50	2	198	0	0	0	0	0
1813	1803.19	35	3	297	0	0	0	0	0
1814	1804.15	35	3	297	0	0	0	0	0
1815	1805.11	35	3	297	0	0	0	0	0
1816	1806.06	35	3	297	0	0	0	0	0
1817	1807.02	35	3	297	0	0	0	0	0
1818	1807.97	40	3	297	0	0	0	0	0
1819	1808.93	40	3	297	0	0	0	0	0
1820	1809.88	40	3	297	0	0	0	0	0
1821	1810.84	31.88	4	396	0	0	0	0	0
1822	1811.79	70.72	4	396	0	0	0	0	0
1823	1812.75	78.31	4	396	0	0	0	0	0
1824	1813.7	48.9	4	396	0	0	0	0	0
1825	1814.66	47.6	4	396	0	0	0	0	0
1826	1815.61	53.04	4	396	0	0	0	0	0
1827	1816.57	37.49	4	396	0	0	0	0	0
1828	1818.37	57.75	3	297	0	0	0	0	0
1829	1827.08	57.75	3	297	0	0	0	0	0
1830	1828.07	52.69	3	297	0	0	0	0	0
1831	1829.07	62.43	3	297	0	0	0	0	0
1832	1830.06	52.41	3	297	0	0	0	0	0
1833	1831.05	35.99	3	297	0	0	0	0	0
1834	1832.05	39.42	3	297	0	0	0	0	0
1835	1833.04	55.23	3	297	0	0	0	0	0
1836	1834.03	26.79	2	198	0	0	0	0	0
1837	1835.03	27.2	2	198	0	0	0	0	0
1838	1836.02	25.22	2	198	0	0	0	0	0
1839	1837.01	21.26	2	198	0	0	0	0	0
1840	1838	18.72	4	396	0	0	0	0	0
1841	1839	17.68	4	396	0	0	0	0	0
1842	1839.99	43.94	5	495	0	0	0	0	0
1843	1840.98	43.94	5	495	0	0	0	0	0
1844	1841.98	43.94	5	495	0	0	0	0	0
1845	1842.97	63.13	5	495	0	0	0	0	0
1846	1843.96	35.75	5	495	0	0	0	0	0
1847	1844.96	53.02	6	594	0	0	0	0	0
1848	1845.95	47.34	6	594	0	0	0	0	0
1849	1846.94	57.83	6	594	0	0	0	0	0
1850	1847.94	40.72	6	594	0	0	0	0	0
1851	1847.95	74.96	11	1089	0	0	0	0	0
1852	1847.99	63.43	11	1089	0	0	0	0	0
1853	1848.56	87.22	15	1185	285	0	0	0	0
1854	1849.54	63.47	27	2133	513	0	0	0	0
1855	1850.51	13.4	27	2133	513	0	0	0	0
1856	1851.49	28.34	30	2370	570	0	0	0	0
1857	1852.46	35.06	32	2528	608	0	0	0	0
1858	1853.44	22.23	33	2607	627	0	0	0	0
1859	1854.41	62.81	33	2607	627	0	0	0	0
1860	1855.39	40.65	30	2370	570	0	0	0	0
1861	1856.36	33.73	30	2370	570	0	0	0	0
1862	1857.34	44.03	30	2370	570	0	0	0	0
1863	1858.31	29.87	28	2212	532	0	0	0	0
1864	1859.29	14.37	28	2212	532	0	0	0	0
1865	1860.26	9.41	25	1975	475	0	0	0	0
1866	1861.23	15.31	25	1975	475	0	0	0	0
1867	1862.21	15.34	23	1817	437	0	0	0	0
1868	1863.18	13.66	23	1817	437	0	0	0	0
1869	1864.16	15.38	20	1580	380	0	0	0	0
1870	1865.13	33.41	20	1580	380	0	0	0	0
1871	1866.11	27.24	18	1422	342	0	0	0	0
1872	1867.08	15.21	18	1422	342	0	0	0	0
1873	1868.06	48.15	15	1185	285	0	0	0	0
1874	1869.03	42.48	15	1485	0	0	0	0	0
1875	1869.98	40.57	13	1287	0	0	0	0	0
1876	1870.89	15.33	13	1287	0	0	0	0	0
1877	1871.81	38.02	12	1188	0	0	0	0	0
1878	1872.73	43.37	10	990	0	0	0	0	0
1879	1873.65	98.76	10	990	0	0	0	0	0
1880	1874.57	78.44	10	990	0	0	0	0	0
1881	1875.49	99.93	9	891	0	0	0	0	0
1882	1876.41	77.92	9	891	0	0	0	0	0
1883	1877.33	60.4	9	891	0	0	0	0	0
1884	1878.8	32.21	10	990	0	0	0	0	0
1885	1878.95	55.86	9	891	0	0	0	0	0
1886	1879.85	82.09	8	792	0	0	0	0	0
1887	1880.75	11.5	8	792	0	0	0	0	0
1888	1881.65	105.27	9	891	0	0	0	0	0
1889	1882.55	61.55	9	891	0	0	0	0	0
1890	1883.45	35.27	10	790	0	0	0	0	0
1891	1884.34	32.6	10	790	0	0	0	0	0
1892	1885.24	95.93	9	711	0	0	0	0	0
1893	1886.14	30.54	9	711	0	0	0	0	0
1894	1887.04	41.82	9	711	0	0	0	0	0
1895	1887.94	7.71	10	790	0	0	0	0	0
1896	1888.84	10.39	9	711	0	0	0	0	0
1897	1889.74	14.43	10	790	0	0	0	0	0
1898	1890.64	32.33	9	711	0	0	0	0	0
1899	1891.53	67.29	9	711	0	0	0	0	0
1900	1892.43	118.12	9	711	0	0	0	0	0
1901	1893.33	19.58	10	990	0	0	0	0	0
1902	1894.23	82.83	9	891	0	0	0	0	0
1903	1895.13	88.42	10	990	0	0	0	0	0
1904	1896.03	53.82	10	990	0	0	0	0	0
1905	1896.93	105.56	8	792	0	0	0	0	0
1906	1897.83	52.26	8	792	0	0	0	0	0
1907	1898.72	54.55	8	792	0	0	0	0	0
1908	1899.62	74.93	8	792	0	0	0	0	0
1909	1900.52	48.18	8	792	0	0	0	0	0
1910	1901.42	99.74	10	990	0	0	0	0	0
1911	1902.32	68.23	10	990	0	0	0	0	0
1912	1903.22	67.65	10	990	0	0	0	0	0
1913	1904.12	41.78	10	990	0	0	0	0	0
1914	1905.02	26.58	12	1188	0	0	0	0	0
1915	1905.92	23.1	13	1287	0	0	0	0	0
1916	1903.54	31.71	7	693	0	0	0	0	0
1917	1904.31	30.36	7	693	0	0	0	0	0
1918	1905.09	16.97	7	693	0	0	0	0	0
1919	1905.87	21.22	7	693	0	0	0	0	0
1920	1906.65	31.57	22	1738	418	0	0	0	0
1921	1907.42	48.73	20	1580	380	0	0	0	0
1922	1908.2	30.48	22	1738	418	0	0	0	0
1923	1908.98	17.85	22	1738	418	0	0	0	0
1924	1909.76	29.96	21	1659	399	0	0	0	0
1925	1910.53	58.19	18	1782	0	0	0	0	0
1926	1911.31	48.17	18	1782	0	0	0	0	0
1927	1912.09	6.06	12	1188	0	0	0	0	0
1928	1912.87	4.14	12	1188	0	0	0	0	0
1929	1913.64	38.42	9	891	0	0	0	0	0
1930	1914.42	24.8	8	792	0	0	0	0	0
1931	1915.2	42.44	5	495	0	0	0	0	0
1932	1915.98	62.45	5	495	0	0	0	0	0
1933	1916.75	38.74	8	792	0	0	0	0	0
1934	1917.53	49.63	8	792	0	0	0	0	0
1935	1918.31	50.38	7	693	0	0	0	0	0
1936	1919.09	57.73	7	693	0	0	0	0	0
1937	1919.86	48.27	6	594	0	0	0	0	0
1938	1920.64	27.74	6	594	0	0	0	0	0
1939	1921.42	26.43	6	594	0	0	0	0	0
1940	1612.55	26.43	6	594	0	0	0	0	0
1941	1613.55	9.96	2	198	0	0	0	0	0
1942	1614.55	17.5	2	198	0	0	0	0	0
1943	1453.97	13.53	2	198	0	0	0	0	0
1944	1616.55	9.34	3	297	0	0	0	0	0
1945	1617.55	5.62	2	198	0	0	0	0	0
1946	1618.55	5.6	2	198	0	0	0	0	0
1947	1619.55	17.86	2	198	0	0	0	0	0
1948	1620.55	17.98	3	297	0	0	0	0	0
1949	1621.55	11.29	2	198	0	0	0	0	0
1950	1622.55	15.89	2	198	0	0	0	0	0
1951	1622.55	13.49	2	198	0	0	0	0	0
1952	1622.55	13.49	2	198	0	0	0	0	0
1953	1625.55	63.13	2	198	0	0	0	0	0
1954	1626.55	48.38	4	396	0	0	0	0	0
1955	1627.55	135.6	4	396	0	0	0	0	0
1956	1465.69	141.26	5	495	0	0	0	0	0
1957	1629.55	79.77	5	495	0	0	0	0	0
1958	1630.55	129.41	5	495	0	0	0	0	0
1959	652.57	3.8	5	495	0	0	0	0	0
1960	489.81	3.99	5	495	0	0	0	0	0
1961	1306.84	71.74	3	297	0	0	0	0	0
1962	1307.62	157.78	3	297	0	0	0	0	0
1963	1635.55	147.34	3	297	0	0	0	0	0
1964	1636.55	83.43	3	297	0	0	0	0	0
1965	1473.77	92.87	2	198	0	0	0	0	0
1966	1310.81	76.17	2	198	0	0	0	0	0
1967	1639.55	76.99	2	198	0	0	0	0	0
1968	1640.55	36.39	3	297	0	0	0	0	0
1969	1641.55	40.85	3	297	0	0	0	0	0
1970	1642.55	44.55	3	297	0	0	0	0	0
1971	1643.55	44.64	2	198	0	0	0	0	0
1972	1644.55	48.21	2	198	0	0	0	0	0
1973	1645.55	115.43	2	198	0	0	0	0	0
1974	1646.53	130.42	2	198	0	0	0	0	0
1975	1647.55	59.71	3	297	0	0	0	0	0
1976	1648.55	12.05	3	297	0	0	0	0	0
1977	1649.55	43.07	3	297	0	0	0	0	0
1978	1650.55	9.71	3	297	0	0	0	0	0
1979	1651.55	26.26	3	297	0	0	0	0	0
1980	1652.55	5.08	3	297	0	0	0	0	0
1981	1653.55	8.53	3	297	0	0	0	0	0
1982	1654.4	8.51	3	297	0	0	0	0	0
1983	1655.25	13.47	4	396	0	0	0	0	0
1984	1656.13	52.7	3	297	0	0	0	0	0
1985	1657.55	30	3	297	0	0	0	0	0
1986	1658.55	33.13	3	297	0	0	0	0	0
1987	1659.55	51.85	3	297	0	0	0	0	0
1988	1494.45	53.91	4	396	0	0	0	0	0
1989	996.89	39.8	2	198	0	0	0	0	0
1990	1496.28	56.54	2	198	0	0	0	0	0
1991	1663.55	14.5	3	297	0	0	0	0	0
1992	1664.55	13.16	3	297	0	0	0	0	0
1993	1665.55	9.82	3	297	0	0	0	0	0
1994	1666.55	55.62	3	297	0	0	0	0	0
1995	1667.55	20.1	3	297	0	0	0	0	0
1996	1668.55	53.36	3	297	0	0	0	0	0
1997	1669.55	39.12	3	297	0	0	0	0	0
1998	1670.55	59.63	3	297	0	0	0	0	0
1999	1671.55	36.19	3	297	0	0	0	0	0
2000	1977.06	50.72	3	297	0	0	0	0	0
2001	1977.84	132.67	4	396	0	0	0	0	0
2002	1978.62	103.33	4	396	0	0	0	0	0
2003	1979.4	61.15	3	297	0	0	0	0	0
2004	1980.18	47.56	4	396	0	0	0	0	0
2005	1980.96	116.69	4	396	0	0	0	0	0
2006	1981.74	98.03	3	297	0	0	0	0	0
2007	1982.52	64.62	3	297	0	0	0	0	0
2008	1983.3	71.17	4	396	0	0	0	0	0
2009	1984.08	50.98	4	396	0	0	0	0	0
2010	1984.86	76.79	4	396	0	0	0	0	0
2011	1985.64	41.8	3	297	0	0	0	0	0
2012	1986.42	47.11	3	297	0	0	0	0	0
2013	1987.2	48.6	3	297	0	0	0	0	0
2014	1987.98	49.4	3	297	0	0	0	0	0
2015	1988.76	38.1	3	297	0	0	0	0	0
2016	1989.54	35.64	3	297	0	0	0	0	0
2017	1990.32	33.21	2	198	0	0	0	0	0
2018	1991.1	31.8	2	198	0	0	0	0	0
2019	1991.88	33.6	2	198	0	0	0	0	0
2020	1992.66	32.78	2	198	0	0	0	0	0
2021	1993.44	34.15	3	297	0	0	0	0	0
2022	1994.22	33.79	3	297	0	0	0	0	0
2023	1995	42.4	3	297	0	0	0	0	0
2024	1995.78	41.44	3	297	0	0	0	0	0
2025	1996.56	42.56	4	396	0	0	0	0	0
2026	1997.34	47.5	4	396	0	0	0	0	0
2027	1998.12	51.69	3	297	0	0	0	0	0
2028	1998.9	53.64	3	297	0	0	0	0	0
2029	1999.68	54.8	4	396	0	0	0	0	0
2030	2000.46	55.4	3	297	0	0	0	0	0
2031	2001.24	67.65	3	297	0	0	0	0	0
2032	2002.02	11.49	3	297	0	0	0	0	0
2033	2002.8	117.33	2	198	0	0	0	0	0
2034	2003.58	127.48	3	297	0	0	0	0	0
2035	2004.36	67.14	3	297	0	0	0	0	0
2036	2005.14	38.71	3	297	0	0	0	0	0
2037	2005.92	21.85	4	396	0	0	0	0	0
2038	2006.7	17.89	3	297	0	0	0	0	0
2039	2007.48	83.54	2	198	0	0	0	0	0
2040	2008.26	42.11	3	297	0	0	0	0	0
2041	2009.04	14.87	3	297	0	0	0	0	0
2042	2009.82	8.75	2	198	0	0	0	0	0
2043	2010.6	3.94	2	198	0	0	0	0	0
2044	2011.38	69.7	3	297	0	0	0	0	0
2045	2012.16	23.5	2	198	0	0	0	0	0
2046	2012.94	16.8	2	198	0	0	0	0	0
2047	2013.72	29.38	3	297	0	0	0	0	0
2048	2014.5	65.64	4	396	0	0	0	0	0
2049	2015.28	78.02	4	396	0	0	0	0	0
2050	2016.06	49.44	5	495	0	0	0	0	0
2051	2016.84	25.27	6	594	0	0	0	0	0
2052	2017.62	23.21	6	594	0	0	0	0	0
2053	2018.4	16.28	6	594	0	0	0	0	0
2054	2019.18	26.66	5	495	0	0	0	0	0
2055	2019.96	26.49	5	495	0	0	0	0	0
2056	2020.74	18.46	5	495	0	0	0	0	0
2057	2021.52	16.73	5	495	0	0	0	0	0
2058	2022.3	19.99	4	396	0	0	0	0	0
2059	2023.08	36.42	4	396	0	0	0	0	0
2060	2023.86	29.43	4	396	0	0	0	0	0
2061	2024.64	40.47	3	297	0	0	0	0	0
2062	2025.42	37.95	4	396	0	0	0	0	0
2063	2026.2	18.6	4	396	0	0	0	0	0
2064	2026.98	28.69	4	396	0	0	0	0	0
2065	2027.76	83.1	3	297	0	0	0	0	0
2066	2028.54	37.48	2	198	0	0	0	0	0
2067	2029.32	100.94	3	297	0	0	0	0	0
2068	2030.1	39.17	4	396	0	0	0	0	0
2069	2030.88	16.77	4	396	0	0	0	0	0
2070	2031.66	61.14	3	297	0	0	0	0	0
2071	2032.44	48.81	4	396	0	0	0	0	0
2072	2033.22	103.27	3	297	0	0	0	0	0
2073	2034	35.1	2	198	0	0	0	0	0
2074	2034.78	17.81	2	198	0	0	0	0	0
2075	2035.56	29.29	2	198	0	0	0	0	0
2076	2036.34	47.6	3	297	0	0	0	0	0
2077	2037.12	15.81	2	198	0	0	0	0	0
2078	2037.9	23.5	2	198	0	0	0	0	0
2079	2038.68	24.6	3	297	0	0	0	0	0
2080	2039.46	26.04	4	396	0	0	0	0	0
2081	2040.24	12.06	4	396	0	0	0	0	0
2082	2041.02	19.24	6	594	0	0	0	0	0
2083	2041.8	32.08	5	495	0	0	0	0	0
2084	2042.58	41.34	5	495	0	0	0	0	0
2085	2043.36	46.04	5	495	0	0	0	0	0
2086	2044.14	31.96	4	396	0	0	0	0	0
2087	2044.92	31.7	5	495	0	0	0	0	0
2088	2045.7	23.86	4	396	0	0	0	0	0
2089	2046.48	25.94	5	495	0	0	0	0	0
2090	2047.26	24.85	5	495	0	0	0	0	0
2091	2048.04	19.13	5	495	0	0	0	0	0
2092	2048.82	19.19	6	594	0	0	0	0	0
2093	2049.6	24.64	6	594	0	0	0	0	0
2094	2050.38	15.7	6	594	0	0	0	0	0
2095	2051.16	17.33	6	594	0	0	0	0	0
2096	2051.94	18.16	6	594	0	0	0	0	0
2097	2052.72	33.39	5	495	0	0	0	0	0
2098	2053.5	36.39	6	594	0	0	0	0	0
2099	2054.28	33.73	6	594	0	0	0	0	0
2100	2055.06	16.76	6	594	0	0	0	0	0
2101	2055.84	34.54	5	495	0	0	0	0	0
2102	2056.62	63.77	4	396	0	0	0	0	0
2103	2057.4	77.44	4	396	0	0	0	0	0
2104	2058.18	54.14	6	594	0	0	0	0	0
2105	2058.96	36.63	7	693	0	0	0	0	0
2106	2059.74	59.74	5	495	0	0	0	0	0
2107	2060.52	163.81	4	396	0	0	0	0	0
2108	2061.3	147.86	4	396	0	0	0	0	0
2109	2062.08	13.33	5	495	0	0	0	0	0
2110	2062.86	82.38	4	396	0	0	0	0	0
2111	2063.64	56.05	5	495	0	0	0	0	0
2112	2064.42	90.54	5	495	0	0	0	0	0
2113	2065.2	57.29	6	594	0	0	0	0	0
2114	2065.98	56.03	6	594	0	0	0	0	0
2115	2066.76	43.92	5	495	0	0	0	0	0
2116	2067.54	88.38	5	495	0	0	0	0	0
2117	2068.32	103.9	4	396	0	0	0	0	0
2118	2069.1	50.74	5	495	0	0	0	0	0
2119	2069.88	38.82	5	495	0	0	0	0	0
2120	2070.66	46.92	6	594	0	0	0	0	0
2121	2071.44	27.83	7	693	0	0	0	0	0
2122	2072.22	38.12	6	594	0	0	0	0	0
2123	2073	31.07	8	792	0	0	0	0	0
2124	2073.78	42.44	5	495	0	0	0	0	0
2125	2074.56	36.54	6	594	0	0	0	0	0
2126	2075.34	28.21	6	594	0	0	0	0	0
2127	2076.12	32.21	7	693	0	0	0	0	0
2128	2076.9	37.89	8	792	0	0	0	0	0
2129	2077.68	32.32	8	792	0	0	0	0	0
2130	2078.46	28.48	6	594	0	0	0	0	0
2131	2079.24	29.28	7	693	0	0	0	0	0
2132	2080.02	35.46	8	792	0	0	0	0	0
2133	2080.8	31.38	8	792	0	0	0	0	0
2134	2081.58	26.78	7	693	0	0	0	0	0
2135	2082.36	21.16	6	594	0	0	0	0	0
2136	2083.14	25.63	6	594	0	0	0	0	0
2137	2083.92	93.46	6	594	0	0	0	0	0
2138	2084.7	27.94	7	693	0	0	0	0	0
2139	2085.48	34.27	7	693	0	0	0	0	0
2140	2086.26	22.66	8	792	0	0	0	0	0
2141	2087.04	61.64	6	594	0	0	0	0	0
2142	2087.82	25.67	5	495	0	0	0	0	0
2143	2088.6	30.85	5	495	0	0	0	0	0
2144	2089.38	48.37	5	495	0	0	0	0	0
2145	2090.16	89.95	5	495	0	0	0	0	0
2146	2090.94	132.39	5	495	0	0	0	0	0
2147	2091.72	72.06	5	495	0	0	0	0	0
2148	2092.5	43.87	5	495	0	0	0	0	0
2149	2093.28	47.87	5	495	0	0	0	0	0
2150	2094.06	55.91	6	594	0	0	0	0	0
2151	2094.84	27.33	6	594	0	0	0	0	0
2152	2095.62	29.9	6	594	0	0	0	0	0
2153	2096.4	29.66	6	594	0	0	0	0	0
2154	2097.18	35.86	6	594	0	0	0	0	0
2155	2097.96	43.54	6	594	0	0	0	0	0
2156	2098.74	17.62	6	594	0	0	0	0	0
2157	2099.52	37.47	7	693	0	0	0	0	0
2158	2100.3	40.26	7	693	0	0	0	0	0
2159	2101.08	70.14	7	693	0	0	0	0	0
2160	2101.86	51.73	7	693	0	0	0	0	0
2161	2102.64	99.93	7	693	0	0	0	0	0
2162	2103.42	61.06	7	693	0	0	0	0	0
2163	2104.2	61.06	7	693	0	0	0	0	0
2164	2104.98	61.06	7	693	0	0	0	0	0
2165	2105.76	61.06	7	693	0	0	0	0	0
2166	2106.54	56.32	7	693	0	0	0	0	0
2167	2107.32	63.57	6	594	0	0	0	0	0
2168	2108.1	64.28	6	594	0	0	0	0	0
2169	2108.88	52.3	6	594	0	0	0	0	0
2170	2109.66	46.53	6	594	0	0	0	0	0
2171	2098.9	78.84	6	594	0	0	0	0	0
2172	2099.51	129.66	6	594	0	0	0	0	0
2173	2100.1	120.15	6	594	0	0	0	0	0
2174	2100.69	130.34	5	495	0	0	0	0	0
2175	2101.28	109.15	5	495	0	0	0	0	0
2176	2101.87	101.79	5	495	0	0	0	0	0
2177	2102.46	78.26	5	495	0	0	0	0	0
2178	2103.05	112.63	5	495	0	0	0	0	0
2179	2103.64	57.4	5	495	0	0	0	0	0
2180	2104.23	64.08	5	495	0	0	0	0	0
2181	2104.82	55.06	6	594	0	0	0	0	0
2182	2105.41	26.99	6	594	0	0	0	0	0
2183	2106	25.63	6	594	0	0	0	0	0
2184	2106.59	121.58	6	594	0	0	0	0	0
2185	2107.18	136.87	6	594	0	0	0	0	0
2186	2107.78	18.89	6	594	0	0	0	0	0
2187	2108.37	18.89	6	594	0	0	0	0	0
2188	2108.96	32.48	6	594	0	0	0	0	0
2189	2109.55	23.29	6	594	0	0	0	0	0
2190	2110.14	31.86	6	594	0	0	0	0	0
2191	2110.73	20.07	6	594	0	0	0	0	0
2192	2111.32	25.89	6	594	0	0	0	0	0
2193	2111.91	13.58	6	594	0	0	0	0	0
2194	2112.5	95.72	7	693	0	0	0	0	0
2195	2113.09	25.78	7	693	0	0	0	0	0
2196	2113.68	87.78	7	693	0	0	0	0	0
2197	2114.27	32.91	7	693	0	0	0	0	0
2198	2114.86	20.74	7	693	0	0	0	0	0
2199	2115.45	61.94	7	693	0	0	0	0	0
2200	2116.02	61.12	7	693	0	0	0	0	0
2201	2116.57	186.18	7	693	0	0	0	0	0
2202	2117.13	108.76	7	693	0	0	0	0	0
2203	2117.68	59	5	495	0	0	0	0	0
2204	2118.23	53.34	5	495	0	0	0	0	0
2205	2118.78	47.32	5	495	0	0	0	0	0
2206	2119.33	35.32	5	495	0	0	0	0	0
2207	2119.88	16.84	5	495	0	0	0	0	0
2208	2120.43	178.69	5	495	0	0	0	0	0
2209	2120.98	51.08	5	495	0	0	0	0	0
2210	2121.53	47	5	495	0	0	0	0	0
2211	2122.08	35.08	5	495	0	0	0	0	0
2212	2122.64	10.21	6	594	0	0	0	0	0
2213	2123.19	18.77	6	594	0	0	0	0	0
2214	2123.74	43.24	6	594	0	0	0	0	0
2215	2124.29	79.64	6	594	0	0	0	0	0
2216	2124.84	65.68	6	594	0	0	0	0	0
2217	2125.39	117.76	6	594	0	0	0	0	0
2218	2125.94	60.28	8	792	0	0	0	0	0
2219	2126.49	87.45	8	792	0	0	0	0	0
2220	2127.04	51.1	8	792	0	0	0	0	0
2221	2127.59	46.75	8	792	0	0	0	0	0
2222	2128.15	50.29	8	792	0	0	0	0	0
2223	2128.7	73.73	5	495	0	0	0	0	0
2224	2129.25	111.66	5	495	0	0	0	0	0
2225	2129.8	44.98	5	495	0	0	0	0	0
2226	2130.35	55.41	5	495	0	0	0	0	0
2227	2130.9	55	5	495	0	0	0	0	0
2228	2131.45	35.51	5	495	0	0	0	0	0
2229	2131.98	35.47	5	495	0	0	0	0	0
2230	2132.48	38.48	5	495	0	0	0	0	0
2231	2132.98	49.49	5	495	0	0	0	0	0
2232	2133.48	58.48	4	396	0	0	0	0	0
2233	2133.98	118.39	4	396	0	0	0	0	0
2234	2134.48	73.02	4	396	0	0	0	0	0
2235	2134.98	67.96	4	396	0	0	0	0	0
2236	2135.48	58.17	4	396	0	0	0	0	0
2237	2135.98	30.58	4	396	0	0	0	0	0
2238	2136.49	58.38	4	396	0	0	0	0	0
2239	2136.99	51.6	4	396	0	0	0	0	0
2240	2137.49	45.25	4	396	0	0	0	0	0
2241	2137.99	20.81	4	396	0	0	0	0	0
2242	2138.49	90.78	4	396	0	0	0	0	0
2243	2138.99	60.55	4	396	0	0	0	0	0
2244	2139.49	69.86	7	693	0	0	0	0	0
2245	2139.99	97.79	7	693	0	0	0	0	0
2246	2140.49	108.36	7	693	0	0	0	0	0
2247	2141	100.16	7	693	0	0	0	0	0
2248	2141.5	91.67	7	693	0	0	0	0	0
2249	2142	125.57	7	693	0	0	0	0	0
2250	2142.5	58.47	7	693	0	0	0	0	0
2251	2143	79.5	7	693	0	0	0	0	0
2252	2143.5	87.47	7	693	0	0	0	0	0
2253	2144	91.61	7	693	0	0	0	0	0
2254	2144.5	63.09	6	594	0	0	0	0	0
2255	2145	130.15	6	594	0	0	0	0	0
2256	2145.5	83.04	6	594	0	0	0	0	0
2257	2145.98	74.52	6	594	0	0	0	0	0
2258	2146.44	123.22	6	594	0	0	0	0	0
2259	2146.89	75.03	6	594	0	0	0	0	0
2260	2147.35	125.75	6	594	0	0	0	0	0
2261	2147.8	77.91	6	594	0	0	0	0	0
2262	2148.26	71.86	5	495	0	0	0	0	0
2263	2148.71	69.82	5	495	0	0	0	0	0
2264	2149.17	102.08	5	495	0	0	0	0	0
2265	2149.62	103.89	5	495	0	0	0	0	0
2266	2150.08	139.62	5	495	0	0	0	0	0
2267	2150.53	116.98	5	495	0	0	0	0	0
2268	2150.99	124.34	5	495	0	0	0	0	0
2269	2151.44	117.12	5	495	0	0	0	0	0
2270	2151.9	108.62	5	495	0	0	0	0	0
2271	2152.35	103.41	5	495	0	0	0	0	0
2272	2152.81	90.23	6	594	0	0	0	0	0
2273	2153.26	70.42	6	594	0	0	0	0	0
2274	2153.72	63.21	7	693	0	0	0	0	0
2275	2154.17	43.98	7	693	0	0	0	0	0
2276	2154.63	56.31	5	495	0	0	0	0	0
2277	2155.08	60.12	6	594	0	0	0	0	0
2278	2155.54	80.22	7	693	0	0	0	0	0
2279	2155.99	35.76	7	693	0	0	0	0	0
2280	2156.45	38.11	6	594	0	0	0	0	0
2281	2156.9	77.14	6	594	0	0	0	0	0
2282	2157.36	37.49	7	693	0	0	0	0	0
2283	2157.81	40.08	7	693	0	0	0	0	0
2284	2158.27	26.73	6	594	0	0	0	0	0
2285	2158.73	85.24	5	495	0	0	0	0	0
2286	2159.16	47.37	6	594	0	0	0	0	0
2287	2159.57	64.71	7	693	0	0	0	0	0
2288	2159.98	40.74	7	693	0	0	0	0	0
2289	2160.39	55.06	5	495	0	0	0	0	0
2290	2160.8	67.89	4	396	0	0	0	0	0
2291	2161.22	36.55	4	396	0	0	0	0	0
2292	2161.63	30.22	3	297	0	0	0	0	0
2293	2162.04	64.54	5	495	0	0	0	0	0
2294	2162.45	27.02	4	396	0	0	0	0	0
2295	2162.86	52.83	5	495	0	0	0	0	0
2296	2163.28	31.82	5	495	0	0	0	0	0
2297	2163.69	31.25	6	594	0	0	0	0	0
2298	2164.1	43.17	7	693	0	0	0	0	0
2299	2164.51	22.76	5	495	0	0	0	0	0
2300	2164.92	32.22	4	396	0	0	0	0	0
2301	2165.33	28.73	5	495	0	0	0	0	0
2302	2165.75	19.84	6	594	0	0	0	0	0
2303	2166.16	32.87	6	594	0	0	0	0	0
2304	2166.57	66.93	7	693	0	0	0	0	0
2305	2166.98	53.21	7	693	0	0	0	0	0
2306	2167.39	22.29	6	594	0	0	0	0	0
2307	2167.81	15.69	5	495	0	0	0	0	0
2308	2168.22	24.08	4	396	0	0	0	0	0
2309	2168.63	29.33	5	495	0	0	0	0	0
2310	2169.04	22.32	5	495	0	0	0	0	0
2311	2169.45	19.71	5	495	0	0	0	0	0
2312	2169.86	26.37	6	594	0	0	0	0	0
2313	2170.25	24.01	6	594	0	0	0	0	0
2314	2170.62	16.88	5	495	0	0	0	0	0
2315	2170.99	26.72	5	495	0	0	0	0	0
2316	2171.35	28.21	6	594	0	0	0	0	0
2317	2171.72	32.11	6	594	0	0	0	0	0
2318	2172.09	17.28	5	495	0	0	0	0	0
2319	2172.45	33.69	6	594	0	0	0	0	0
2320	2172.82	16.02	6	594	0	0	0	0	0
2321	2173.19	15.13	5	495	0	0	0	0	0
2322	2173.55	13.41	5	495	0	0	0	0	0
2323	2173.92	15.11	5	495	0	0	0	0	0
2324	2174.29	15.9	5	495	0	0	0	0	0
2325	2174.65	16.68	4	396	0	0	0	0	0
2326	2175.02	20.5	4	396	0	0	0	0	0
2327	2175.39	22.13	4	396	0	0	0	0	0
2328	2175.76	16.3	4	396	0	0	0	0	0
2329	2176.12	18.58	5	495	0	0	0	0	0
2330	2176.49	17.15	5	495	0	0	0	0	0
2331	2176.86	21.41	5	495	0	0	0	0	0
2332	2177.22	18.7	5	495	0	0	0	0	0
2333	2177.59	21.67	5	495	0	0	0	0	0
2334	2177.96	22.25	5	495	0	0	0	0	0
2335	2178.32	22.17	4	396	0	0	0	0	0
2336	2178.69	22.23	4	396	0	0	0	0	0
2337	2179.06	13.63	4	396	0	0	0	0	0
2338	2179.42	11.52	4	396	0	0	0	0	0
2339	2179.79	14.49	4	396	0	0	0	0	0
2340	2180.16	13.57	4	396	0	0	0	0	0
2341	2180.52	24.26	4	396	0	0	0	0	0
2341	2180.52	28.87	4	396	0	0	0	0	0
2342	2180.87	41.3	4	396	0	0	0	0	0
2343	2181.18	32.23	3	297	0	0	0	0	0
2344	2181.5	28.38	3	297	0	0	0	0	0
2345	2181.82	34.09	4	396	0	0	0	0	0
2346	2182.14	22.64	5	495	0	0	0	0	0
2347	2182.46	42.01	4	396	0	0	0	0	0
2348	2182.78	28.77	5	495	0	0	0	0	0
2349	2183.1	21.7	5	495	0	0	0	0	0
2350	2183.42	32.46	5	495	0	0	0	0	0
2351	2183.74	20.25	4	396	0	0	0	0	0
2352	2184.05	32.13	3	297	0	0	0	0	0
2353	2184.37	42.2	4	396	0	0	0	0	0
2354	2184.69	43.27	4	396	0	0	0	0	0
2355	2185.01	20.59	5	495	0	0	0	0	0
2356	2185.33	22.41	4	396	0	0	0	0	0
2357	2185.65	17.91	5	495	0	0	0	0	0
2358	2185.97	23.5	5	495	0	0	0	0	0
2359	2186.29	25.7	4	396	0	0	0	0	0
2360	2186.61	28.6	4	396	0	0	0	0	0
2361	2186.93	35.4	5	495	0	0	0	0	0
2362	2187.24	27.67	5	495	0	0	0	0	0
2363	2187.56	28.54	5	495	0	0	0	0	0
2364	2187.88	42.11	5	495	0	0	0	0	0
2365	2188.2	23.09	4	396	0	0	0	0	0
2366	2188.52	26.4	4	396	0	0	0	0	0
2367	2188.84	22.9	4	396	0	0	0	0	0
2368	2189.16	17.2	5	495	0	0	0	0	0
2369	2189.48	15.93	5	495	0	0	0	0	0
2370	2189.8	18.35	4	396	0	0	0	0	0
2371	2190.12	5.78	4	396	0	0	0	0	0
2372	2190.44	3.74	4	396	0	0	0	0	0
2373	2190.76	9.39	4	396	0	0	0	0	0
2374	2191.08	10.19	4	396	0	0	0	0	0
2375	2191.4	2.52	5	495	0	0	0	0	0
2376	2191.72	1.26	5	495	0	0	0	0	0
2377	2192.04	1.26	5	495	0	0	0	0	0
2378	2192.36	2.52	5	495	0	0	0	0	0
2379	2192.68	1.26	5	495	0	0	0	0	0
2380	2192.45	1.26	5	495	0	0	0	0	0
2381	2192.72	2.52	6	594	0	0	0	0	0
2382	2192.99	56.83	6	594	0	0	0	0	0
2383	2193.26	21.5	6	594	0	0	0	0	0
2384	2193.53	21.57	6	594	0	0	0	0	0
2385	2193.8	42.94	7	693	0	0	0	0	0
2386	2194.07	27.21	7	693	0	0	0	0	0
2387	2194.34	42.74	7	693	0	0	0	0	0
2388	2194.61	87.69	7	693	0	0	0	0	0
2389	2194.88	60.75	7	693	0	0	0	0	0
2390	2195.15	89.19	7	693	0	0	0	0	0
2391	2195.42	53.71	7	693	0	0	0	0	0
2392	2195.69	43.71	7	693	0	0	0	0	0
2393	2195.96	55.01	7	693	0	0	0	0	0
2394	2196.23	55.36	7	693	0	0	0	0	0
2395	2196.5	64.03	7	693	0	0	0	0	0
2396	2196.77	30.06	7	693	0	0	0	0	0
2397	2197.04	69.36	8	792	0	0	0	0	0
2398	2197.28	56.45	8	792	0	0	0	0	0
2399	2197.52	53.57	8	792	0	0	0	0	0
2400	2197.76	27.57	8	792	0	0	0	0	0
2401	2198	13.68	8	792	0	0	0	0	0
2402	2198.24	26.61	8	792	0	0	0	0	0
2403	2198.48	27.84	8	792	0	0	0	0	0
2404	2198.72	38.98	8	792	0	0	0	0	0
2405	2198.96	25.42	9	891	0	0	0	0	0
2406	2199.2	34.79	9	891	0	0	0	0	0
2407	2199.44	52.61	9	891	0	0	0	0	0
2408	2199.68	52.36	9	891	0	0	0	0	0
2409	2199.92	69.02	9	891	0	0	0	0	0
2410	2200.16	22.82	9	891	0	0	0	0	0
2411	2200.4	71.87	10	990	0	0	0	0	0
2412	2200.64	31.34	10	990	0	0	0	0	0
2413	2200.88	54.1	10	990	0	0	0	0	0
2414	2201.12	36.64	10	990	0	0	0	0	0
2415	2201.36	96.9	10	990	0	0	0	0	0
2416	2201.6	92.63	10	990	0	0	0	0	0
2417	2201.84	71.1	11	1089	0	0	0	0	0
2418	2202.08	100.78	11	1089	0	0	0	0	0
2419	2202.32	152.25	11	1089	0	0	0	0	0
2420	2202.56	71.64	11	1089	0	0	0	0	0
2421	2202.8	17.61	11	1089	0	0	0	0	0
2422	2203.04	19.58	11	1089	0	0	0	0	0
2423	2203.28	84.45	11	1089	0	0	0	0	0
2424	2203.52	59.48	11	1089	0	0	0	0	0
2425	2203.76	40.88	12	1188	0	0	0	0	0
2426	2204	99.66	12	1188	0	0	0	0	0
2427	2204.24	115.62	12	1188	0	0	0	0	0
2428	2204.48	74.01	12	1188	0	0	0	0	0
2429	2204.72	29.84	12	1188	0	0	0	0	0
2430	2204.96	26.96	12	1188	0	0	0	0	0
2431	2205.2	12.09	11	1089	0	0	0	0	0
2432	2205.44	11.19	11	1089	0	0	0	0	0
2433	2205.68	49.65	11	1089	0	0	0	0	0
2434	2205.92	34.62	11	1089	0	0	0	0	0
2435	2206.16	64.33	11	1089	0	0	0	0	0
2436	2206.4	25.59	10	990	0	0	0	0	0
2437	2206.64	43.5	10	990	0	0	0	0	0
2438	2206.88	46.24	10	990	0	0	0	0	0
2439	2207.12	23.08	9	891	0	0	0	0	0
2440	2207.36	24.51	9	891	0	0	0	0	0
2441	2207.6	50.15	8	792	0	0	0	0	0
2442	2207.84	41.3	8	792	0	0	0	0	0
2443	2208.08	24.65	8	792	0	0	0	0	0
2444	2208.32	29.6	7	693	0	0	0	0	0
2445	2208.56	24.3	7	693	0	0	0	0	0
2446	2208.8	19.6	7	693	0	0	0	0	0
2447	2209.04	16.72	6	594	0	0	0	0	0
2448	2209.28	19.7	6	594	0	0	0	0	0
2449	2209.52	22.4	7	693	0	0	0	0	0
2450	2209.76	21.8	7	693	0	0	0	0	0
2451	2210	37.9	7	693	0	0	0	0	0
2452	2210.24	19.81	6	594	0	0	0	0	0
2453	2210.48	15.21	6	594	0	0	0	0	0
2454	2210.72	12.35	6	594	0	0	0	0	0
2455	2210.96	11.4	5	495	0	0	0	0	0
2456	2211.2	13.7	5	495	0	0	0	0	0
2457	2211.44	15.6	6	594	0	0	0	0	0
2458	2211.68	16.4	6	594	0	0	0	0	0
2459	2211.92	10.93	6	594	0	0	0	0	0
2460	2212.16	14	6	594	0	0	0	0	0
2461	2212.4	16.67	7	693	0	0	0	0	0
2462	2212.64	31.64	7	693	0	0	0	0	0
2463	2212.88	31.18	6	594	0	0	0	0	0
2464	2213.12	30.09	6	594	0	0	0	0	0
2465	2213.36	35.01	5	495	0	0	0	0	0
2466	2213.6	35.58	5	495	0	0	0	0	0
2467	2213.84	35.27	4	396	0	0	0	0	0
2468	2214.08	27.54	3	297	0	0	0	0	0
2469	2214.32	25.31	4	396	0	0	0	0	0
2470	2214.56	23.07	5	495	0	0	0	0	0
2471	2214.8	28.63	5	495	0	0	0	0	0
2472	2215.04	35.84	5	495	0	0	0	0	0
2473	2215.28	41.95	5	495	0	0	0	0	0
2474	2215.52	33.55	6	594	0	0	0	0	0
2475	2215.76	33.97	5	495	0	0	0	0	0
2476	2216	22.85	5	495	0	0	0	0	0
2477	2216.24	32	5	495	0	0	0	0	0
2478	2216.48	31.27	4	396	0	0	0	0	0
2479	2216.72	27.59	4	396	0	0	0	0	0
2480	2216.96	29.28	5	495	0	0	0	0	0
2481	2217.2	36.56	4	396	0	0	0	0	0
2482	2217.44	33.39	5	495	0	0	0	0	0
2483	2217.68	34.65	5	495	0	0	0	0	0
2484	2217.92	30.7	4	396	0	0	0	0	0
2485	2218.16	36.01	5	495	0	0	0	0	0
2486	2218.4	36.33	3	297	0	0	0	0	0
2487	2218.64	31.5	4	396	0	0	0	0	0
2488	2218.88	37.79	5	495	0	0	0	0	0
2489	2219.12	29.39	5	495	0	0	0	0	0
2490	2219.36	51.09	4	396	0	0	0	0	0
2491	2219.6	35.17	4	396	0	0	0	0	0
2492	2219.84	27.09	5	495	0	0	0	0	0
2493	2220.08	32.35	5	495	0	0	0	0	0
2494	2220.02	37.51	6	594	0	0	0	0	0
2495	2220.11	29.2	6	594	0	0	0	0	0
2496	2220.2	44.29	6	594	0	0	0	0	0
2497	2220.29	28.86	6	594	0	0	0	0	0
2498	2220.38	32.51	7	693	0	0	0	0	0
2499	2220.47	31.05	7	693	0	0	0	0	0
2500	2220.56	30.1	7	693	0	0	0	0	0
2501	2220.65	32.71	7	693	0	0	0	0	0
2502	2220.74	37.37	7	693	0	0	0	0	0
2503	2220.83	34.72	8	792	0	0	0	0	0
2504	2220.92	34.33	8	792	0	0	0	0	0
2505	2221.01	27.59	8	792	0	0	0	0	0
2506	2221.1	23.11	8	792	0	0	0	0	0
2507	2221.19	59.44	8	792	0	0	0	0	0
2508	2221.28	32.28	9	891	0	0	0	0	0
2509	2221.37	39.75	9	891	0	0	0	0	0
2510	2221.46	29.42	8	792	0	0	0	0	0
2511	2221.55	28.48	8	792	0	0	0	0	0
2512	2221.64	30.53	8	792	0	0	0	0	0
2513	2221.73	32.52	8	792	0	0	0	0	0
2514	2221.82	20.07	9	891	0	0	0	0	0
2515	2221.91	15.8	9	891	0	0	0	0	0
2516	2222	12.1	9	891	0	0	0	0	0
2517	2224.26	12.26	9	891	0	0	0	0	0
2518	2224.49	13.72	9	891	0	0	0	0	0
2519	2224.72	55.7	9	891	0	0	0	0	0
2520	2224.95	16.3	8	792	0	0	0	0	0
2521	2225.18	13.21	8	792	0	0	0	0	0
2522	2225.41	18.1	9	891	0	0	0	0	0
2523	2225.64	18.39	9	891	0	0	0	0	0
2524	2225.87	23.24	8	792	0	0	0	0	0
2525	2226.1	33.28	9	891	0	0	0	0	0
2526	2226.33	47	9	891	0	0	0	0	0
2527	2226.56	38.39	8	792	0	0	0	0	0
2528	2226.79	29.25	8	792	0	0	0	0	0
2529	2227.02	26.56	8	792	0	0	0	0	0
2530	2227.25	58.46	8	792	0	0	0	0	0
2531	2227.48	20.67	9	891	0	0	0	0	0
2532	2227.71	61.12	10	990	0	0	0	0	0
2533	2227.94	26.32	9	891	0	0	0	0	0
2534	2228.17	31.91	9	891	0	0	0	0	0
2535	2228.4	56.55	10	990	0	0	0	0	0
2536	2228.63	14.79	10	990	0	0	0	0	0
2537	2228.86	13.37	10	990	0	0	0	0	0
2538	2229.09	22.63	9	891	0	0	0	0	0
2539	2229.32	14.34	9	891	0	0	0	0	0
2540	2229.55	20.91	9	891	0	0	0	0	0
2541	2229.78	9.29	8	792	0	0	0	0	0
2542	2230.01	17.16	8	792	0	0	0	0	0
2543	2230.24	15.88	8	792	0	0	0	0	0
2544	2230.47	28.21	8	792	0	0	0	0	0
2545	2230.7	32.54	8	792	0	0	0	0	0
2546	2230.93	15.17	8	792	0	0	0	0	0
2547	2231.16	24.02	7	693	0	0	0	0	0
2548	2231.39	53.22	7	693	0	0	0	0	0
2549	2231.62	35.36	8	792	0	0	0	0	0
2550	2231.85	57.25	8	792	0	0	0	0	0
2551	2232.08	48.2	9	891	0	0	0	0	0
2552	2232.31	39.5	10	990	0	0	0	0	0
2553	2232.54	40.71	12	1188	0	0	0	0	0
2554	2232.77	48.94	12	1188	0	0	0	0	0
2555	2233	52.26	12	1188	0	0	0	0	0
2556	2233.23	53.45	10	990	0	0	0	0	0
2557	2233.46	35.24	10	990	0	0	0	0	0
2558	2233.69	57.86	10	990	0	0	0	0	0
2559	2233.92	52.64	10	990	0	0	0	0	0
2560	2234.15	36.45	10	990	0	0	0	0	0
2561	2234.38	42.77	10	990	0	0	0	0	0
2562	2234.61	56.88	9	891	0	0	0	0	0
2563	2234.84	51.22	9	891	0	0	0	0	0
2564	2235.03	46.9	9	891	0	0	0	0	0
2565	2235.22	40.84	10	990	0	0	0	0	0
2566	2235.41	44.92	10	990	0	0	0	0	0
2567	2235.6	36.23	10	990	0	0	0	0	0
2568	2235.79	54.33	10	990	0	0	0	0	0
2569	2235.98	30.73	10	990	0	0	0	0	0
2570	2236.17	45.61	9	891	0	0	0	0	0
2571	2236.36	44.2	9	891	0	0	0	0	0
2572	2236.55	47.72	9	891	0	0	0	0	0
2573	2236.74	56.24	9	891	0	0	0	0	0
2574	2236.93	27.66	9	891	0	0	0	0	0
2575	2237.12	30.53	9	891	0	0	0	0	0
2576	2237.31	78.81	8	792	0	0	0	0	0
2577	2237.5	81.26	8	792	0	0	0	0	0
2578	2237.69	43.3	9	891	0	0	0	0	0
2579	2237.88	75.24	9	891	0	0	0	0	0
2580	2238.07	52.99	9	891	0	0	0	0	0
2581	2238.26	42.82	8	792	0	0	0	0	0
2582	2238.45	64.47	9	891	0	0	0	0	0
2583	2238.64	49.81	10	990	0	0	0	0	0
2584	2238.83	22.53	11	1089	0	0	0	0	0
2585	2239.02	40.37	10	990	0	0	0	0	0
2586	2239.21	35.16	9	891	0	0	0	0	0
2587	2239.4	37.45	9	891	0	0	0	0	0
2588	2239.59	35.52	9	891	0	0	0	0	0
2589	2239.78	56.12	8	792	0	0	0	0	0
2590	2239.97	57.03	8	792	0	0	0	0	0
2591	2240.16	77.36	8	792	0	0	0	0	0
2592	2240.39	99.3	7	693	0	0	0	0	0
2593	2240.62	34.6	7	693	0	0	0	0	0
2594	2240.85	37.6	7	693	0	0	0	0	0
2595	2241.08	29.21	7	693	0	0	0	0	0
2596	2241.31	48.41	8	792	0	0	0	0	0
2597	2241.54	60.19	8	792	0	0	0	0	0
2598	2241.77	49.45	8	792	0	0	0	0	0
2599	2242	47.59	9	891	0	0	0	0	0
2600	2242.23	44.28	11	1089	0	0	0	0	0
2601	2242.46	37.34	13	1287	0	0	0	0	0
2602	2242.69	114.41	14	1386	0	0	0	0	0
2603	2242.92	95.31	18	1782	0	0	0	0	0
2604	2243.15	57.46	24	2376	0	0	0	0	0
2605	2243.38	66.62	36	3564	0	0	0	0	0
2606	2243.61	71.13	35	3465	0	0	0	0	0
2607	2243.84	75.87	37	3663	0	0	0	0	0
2608	2244.07	51.38	36	3564	0	0	0	0	0
2609	2244.3	47.34	37	3663	0	0	0	0	0
2610	2244.53	57.24	34	3366	0	0	0	0	0
2611	2244.76	77.95	22	2178	0	0	0	0	0
2612	2244.99	82.87	26	2574	0	0	0	0	0
2613	2245.22	53.98	26	2574	0	0	0	0	0
2614	2245.45	54.4	26	2574	0	0	0	0	0
2615	2245.68	60.91	25	2475	0	0	0	0	0
2616	2245.91	83.09	24	2376	0	0	0	0	0
2617	2246.14	76.18	21	2079	0	0	0	0	0
2618	2246.37	79.49	20	1980	0	0	0	0	0
2619	2246.6	65.23	19	1881	0	0	0	0	0
2620	2246.83	67.75	19	1881	0	0	0	0	0
2621	2247.06	62.62	22	2178	0	0	0	0	0
2622	2247.32	48.01	24	2376	0	0	0	0	0
2623	2247.58	51.51	25	2475	0	0	0	0	0
2624	2247.84	35.38	28	2772	0	0	0	0	0
2625	2248.1	33.02	31	3069	0	0	0	0	0
2626	2248.36	65.86	37	3663	0	0	0	0	0
2627	2248.62	57.24	41	4059	0	0	0	0	0
2628	2248.88	66.38	47	4653	0	0	0	0	0
2629	2249.14	72.31	49	4851	0	0	0	0	0
2630	2249.4	65.32	54	5346	0	0	0	0	0
2631	2249.66	90.32	51	5049	0	0	0	0	0
2632	2249.92	70.63	56	5544	0	0	0	0	0
2633	2250.18	88.95	60	5940	0	0	0	0	0
2634	2250.44	103.41	70	6930	0	0	0	0	0
2635	2250.7	102.25	64	6336	0	0	0	0	0
2636	2250.96	85.14	78	7722	0	0	0	0	0
2637	2251.22	42.1	103	10197	0	0	0	0	0
2638	2251.48	42.48	91	9009	0	0	0	0	0
2639	2251.74	87.09	92	9108	0	0	0	0	0
2640	2252	53.89	100	9900	0	0	0	0	0
2641	2252.26	31.62	96	9504	0	0	0	0	0
2642	2252.52	58.83	94	9306	0	0	0	0	0
2643	2252.78	77.5	90	8910	0	0	0	0	0
2644	2253.04	103.35	91	9009	0	0	0	0	0
2645	2253.3	60.39	92	9108	0	0	0	0	0
2646	2253.56	47.76	87	8613	0	0	0	0	0
2647	2253.82	86.58	78	7722	0	0	0	0	0
2648	2254.08	81.72	67	6633	0	0	0	0	0
2649	2254.34	38.93	62	6138	0	0	0	0	0
2650	2254.57	74.06	63	6237	0	0	0	0	0
2651	2254.8	36.98	64	6336	0	0	0	0	0
2652	2255.03	69.61	53	5247	0	0	0	0	0
2653	2255.26	30.46	42	4158	0	0	0	0	0
2654	2255.49	70.08	37	3663	0	0	0	0	0
2655	2255.72	36.53	36	3564	0	0	0	0	0
2656	2255.95	28.6	36	3564	0	0	0	0	0
2657	2256.18	80.65	28	2772	0	0	0	0	0
2658	2256.41	30.01	27	2673	0	0	0	0	0
2659	2256.64	37.6	26	2574	0	0	0	0	0
2660	2256.87	60.21	25	2475	0	0	0	0	0
2661	2257.1	55.89	27	2673	0	0	0	0	0
2662	2257.33	85.82	29	2871	0	0	0	0	0
2663	2257.56	88.65	27	2673	0	0	0	0	0
2664	2257.79	98	24	2376	0	0	0	0	0
2665	2258.02	48.51	21	2079	0	0	0	0	0
2666	2258.25	69.86	20	1980	0	0	0	0	0
2667	2258.48	82.44	17	1683	0	0	0	0	0
2668	2258.71	52.62	17	1683	0	0	0	0	0
2669	2258.94	54.74	15	1485	0	0	0	0	0
2670	2259.17	56.27	14	1386	0	0	0	0	0
2671	2259.4	65.26	15	1485	0	0	0	0	0
2672	2259.63	63.62	16	1584	0	0	0	0	0
2673	2259.86	82.35	18	1782	0	0	0	0	0
2674	2260.09	52.06	18	1782	0	0	0	0	0
2675	2260.32	66.71	17	1683	0	0	0	0	0
2676	2260.55	63.54	14	1386	0	0	0	0	0
2677	2260.78	51.46	12	1188	0	0	0	0	0
2678	2261.01	58.59	12	1188	0	0	0	0	0
2679	2261.24	75.9	14	1386	0	0	0	0	0
2680	2261.47	19.41	15	1485	0	0	0	0	0
2681	2261.7	17.26	14	1386	0	0	0	0	0
2682	2261.93	31.47	14	1386	0	0	0	0	0
2683	2262.16	62.83	13	1287	0	0	0	0	0
2684	2262.39	92.23	14	1386	0	0	0	0	0
2685	2262.62	72.33	13	1287	0	0	0	0	0
2686	2262.85	34.55	14	1386	0	0	0	0	0
2687	2263.08	42.25	13	1287	0	0	0	0	0
2688	2263.31	34.24	12	1188	0	0	0	0	0
2689	2263.54	27.14	12	1188	0	0	0	0	0
2690	2263.77	28.26	13	1287	0	0	0	0	0
2691	2264	22.93	12	1188	0	0	0	0	0
2692	2264.23	36.18	13	1287	0	0	0	0	0
2693	2264.46	23.78	14	1386	0	0	0	0	0
2694	2264.69	36.69	16	1584	0	0	0	0	0
2695	2264.92	26.65	15	1485	0	0	0	0	0
2696	2265.15	23.86	14	1386	0	0	0	0	0
2697	2265.38	26.82	14	1386	0	0	0	0	0
2698	2265.61	41.43	15	1485	0	0	0	0	0
2699	2265.84	28.7	13	1287	0	0	0	0	0
2700	2266.07	31.02	13	1287	0	0	0	0	0
2701	2266.3	40.88	14	1386	0	0	0	0	0
2702	2266.53	43.8	13	1287	0	0	0	0	0
2703	2266.76	34.75	12	1188	0	0	0	0	0
2704	2266.99	49.83	13	1287	0	0	0	0	0
2705	2267.2	40.69	12	1188	0	0	0	0	0
2706	2267.41	75.13	11	1089	0	0	0	0	0
2707	2267.62	35.02	13	1287	0	0	0	0	0
2708	2267.83	37.64	14	1386	0	0	0	0	0
2709	2268.04	38.93	14	1386	0	0	0	0	0
2710	2268.25	27.94	12	1188	0	0	0	0	0
2711	2268.46	31.21	13	1287	0	0	0	0	0
2712	2268.67	39.47	12	1188	0	0	0	0	0
2713	2268.88	25.08	13	1287	0	0	0	0	0
2714	2269.09	28.5	10	990	0	0	0	0	0
2715	2269.3	23.19	11	1089	0	0	0	0	0
2716	2269.51	19.44	10	990	0	0	0	0	0
2717	2269.72	13.83	10	990	0	0	0	0	0
2718	2269.93	16.02	10	990	0	0	0	0	0
2719	2270.14	51	9	891	0	0	0	0	0
2720	2270.35	75.61	9	891	0	0	0	0	0
2721	2270.56	38.81	10	990	0	0	0	0	0
2722	2270.77	52.41	11	1089	0	0	0	0	0
2723	2270.98	14.69	12	1188	0	0	0	0	0
2724	2271.19	19.6	11	1089	0	0	0	0	0
2725	2271.4	13.9	10	990	0	0	0	0	0
2726	2271.61	24.37	9	891	0	0	0	0	0
2727	2271.82	21.15	9	891	0	0	0	0	0
2728	2272.03	20.47	10	990	0	0	0	0	0
2729	2272.24	19.01	11	1089	0	0	0	0	0
2730	2272.45	19.66	11	1089	0	0	0	0	0
2731	2272.66	13.43	11	1089	0	0	0	0	0
2732	2272.87	17.09	10	990	0	0	0	0	0
2733	2273.1	14.52	10	990	0	0	0	0	0
2734	2273.32	25.4	9	891	0	0	0	0	0
2735	2273.54	19.36	9	891	0	0	0	0	0
2736	2273.76	21.8	9	891	0	0	0	0	0
2737	2273.98	21.51	9	891	0	0	0	0	0
2738	2274.2	21.27	9	891	0	0	0	0	0
2739	2274.42	28.93	8	792	0	0	0	0	0
2740	2274.64	22.72	7	693	0	0	0	0	0
2741	2274.86	27.72	8	792	0	0	0	0	0
2742	2275.08	27.8	9	891	0	0	0	0	0
2743	2275.3	28.7	10	990	0	0	0	0	0
2744	2275.52	21.37	9	891	0	0	0	0	0
2745	2275.74	11.82	9	891	0	0	0	0	0
2746	2275.96	31.75	8	792	0	0	0	0	0
2747	2276.18	27.59	8	792	0	0	0	0	0
2748	2276.4	31.15	9	891	0	0	0	0	0
2749	2276.62	12.3	9	891	0	0	0	0	0
2750	2276.84	12.97	8	792	0	0	0	0	0
2751	2277.06	24.73	8	792	0	0	0	0	0
2752	2277.28	15.75	8	792	0	0	0	0	0
2753	2277.5	22.35	8	792	0	0	0	0	0
2754	2277.72	26.48	9	891	0	0	0	0	0
2755	2277.94	26.49	8	792	0	0	0	0	0
2756	2278.16	16.09	8	792	0	0	0	0	0
2757	2278.38	10.48	7	693	0	0	0	0	0
2758	2278.6	14.53	8	792	0	0	0	0	0
2759	2278.82	18.45	6	594	0	0	0	0	0
2760	2279.04	23.49	6	594	0	0	0	0	0
2761	2279.26	22.41	7	693	0	0	0	0	0
2762	2279.5	17.9	8	792	0	0	0	0	0
2763	2279.74	21.93	8	792	0	0	0	0	0
2764	2279.98	19.25	8	792	0	0	0	0	0
2765	2280.22	21.17	8	792	0	0	0	0	0
2766	2280.46	24.92	9	891	0	0	0	0	0
2767	2280.7	20.25	9	891	0	0	0	0	0
2768	2280.94	10.84	8	792	0	0	0	0	0
2769	2281.18	18.87	9	891	0	0	0	0	0
2770	2281.42	30.92	9	891	0	0	0	0	0
2771	2281.66	29.73	8	792	0	0	0	0	0
2772	2281.9	36.28	8	792	0	0	0	0	0
2773	2282.14	79.81	8	792	0	0	0	0	0
2774	2282.38	49.72	9	891	0	0	0	0	0
2775	2282.62	27.02	9	891	0	0	0	0	0
2776	2282.86	26.12	9	891	0	0	0	0	0
2777	2283.1	33.55	8	792	0	0	0	0	0
2778	2283.34	26.49	8	792	0	0	0	0	0
2779	2283.58	31.46	8	792	0	0	0	0	0
2780	2283.82	37.5	9	891	0	0	0	0	0
2781	2284.06	26.23	8	792	0	0	0	0	0
2782	2284.3	21.94	9	891	0	0	0	0	0
2783	2284.54	30.69	9	891	0	0	0	0	0
2784	2284.78	25.59	8	792	0	0	0	0	0
2785	2285.02	20.83	9	891	0	0	0	0	0
2786	2285.26	33.35	9	891	0	0	0	0	0
2787	2285.5	23.22	9	891	0	0	0	0	0
2788	2285.74	22.66	9	891	0	0	0	0	0
2789	2285.98	21.19	8	792	0	0	0	0	0
2790	2286.22	20.44	9	891	0	0	0	0	0
2791	2286.46	15.41	8	792	0	0	0	0	0
2792	2286.7	16.14	7	693	0	0	0	0	0
2793	2286.94	19.37	7	693	0	0	0	0	0
2794	2287.18	17.32	6	594	0	0	0	0	0
2795	2287.42	15.53	7	693	0	0	0	0	0
2796	2287.66	14.47	7	693	0	0	0	0	0
2797	2287.9	19.94	7	693	0	0	0	0	0
2798	2288.14	18.3	8	792	0	0	0	0	0
2799	2288.38	18.96	8	792	0	0	0	0	0
2800	2288.62	13.97	8	792	0	0	0	0	0
2801	2288.86	10.83	9	891	0	0	0	0	0
2802	2289.1	12.68	9	891	0	0	0	0	0
2803	2289.34	22.98	8	792	0	0	0	0	0
2804	2289.58	31.54	8	792	0	0	0	0	0
2805	2289.82	20.56	8	792	0	0	0	0	0
2806	2290.06	25.72	8	792	0	0	0	0	0
2807	2290.3	17.98	9	891	0	0	0	0	0
2808	2290.54	36.77	9	891	0	0	0	0	0
2809	2290.78	31.75	9	891	0	0	0	0	0
2810	2291.02	31.84	9	891	0	0	0	0	0
2811	2291.26	28.05	10	990	0	0	0	0	0
2812	2291.5	25.33	10	990	0	0	0	0	0
2813	2291.74	32.71	9	891	0	0	0	0	0
2814	2291.98	19.51	9	891	0	0	0	0	0
2815	2292.22	24.61	9	891	0	0	0	0	0
2816	2292.46	21.04	9	891	0	0	0	0	0
2817	2292.7	23.34	9	891	0	0	0	0	0
2818	2292.94	15.86	9	891	0	0	0	0	0
2819	2293.18	32.56	9	891	0	0	0	0	0
2820	2293.42	24.53	9	891	0	0	0	0	0
2821	2293.66	26.35	8	792	0	0	0	0	0
2822	2293.9	29.87	8	792	0	0	0	0	0
2823	2294.14	15.62	8	792	0	0	0	0	0
2824	2294.38	14.38	8	792	0	0	0	0	0
2825	2294.62	19.87	7	693	0	0	0	0	0
2826	2294.78	26.87	7	693	0	0	0	0	0
2827	2294.89	15.86	8	792	0	0	0	0	0
2828	2294.92	20.11	8	792	0	0	0	0	0
2829	2294.98	14.48	8	792	0	0	0	0	0
2830	2295	20.5	7	693	0	0	0	0	0
2831	2295.26	26.49	6	594	0	0	0	0	0
2832	2295.43	41.19	7	693	0	0	0	0	0
2833	2295.72	32.28	8	792	0	0	0	0	0
2834	2295.89	59.45	7	693	0	0	0	0	0
2835	2296.06	49.3	6	594	0	0	0	0	0
2836	2296.29	53.35	6	594	0	0	0	0	0
2837	2296.51	36.66	7	693	0	0	0	0	0
2838	2296.74	60.33	7	693	0	0	0	0	0
2839	2296.9	18.84	8	792	0	0	0	0	0
2840	2297.19	95.53	8	792	0	0	0	0	0
2841	2297.39	28.11	7	693	0	0	0	0	0
2842	2297.71	98.44	7	693	0	0	0	0	0
2843	2297.87	76.7	6	594	0	0	0	0	0
2844	2298	103.31	6	594	0	0	0	0	0
2845	2298.32	83.31	7	693	0	0	0	0	0
2846	2298.54	84.98	8	792	0	0	0	0	0
2847	2298.77	45.04	7	693	0	0	0	0	0
2848	2298.99	73.81	6	594	0	0	0	0	0
2849	2299.22	77.3	7	693	0	0	0	0	0
2850	2299.45	84.87	7	693	0	0	0	0	0
2851	2299.67	61.04	8	792	0	0	0	0	0
2852	2299.89	32.55	8	792	0	0	0	0	0
2853	2300.1	67.1	7	693	0	0	0	0	0
2854	2300.35	39.6	6	594	0	0	0	0	0
2855	2300.54	33.38	6	594	0	0	0	0	0
2856	2300.8	107.79	7	693	0	0	0	0	0
2857	2301.03	28.27	8	792	0	0	0	0	0
2858	2301.25	43.57	7	693	0	0	0	0	0
2859	2301.48	104.56	7	693	0	0	0	0	0
2860	2301.78	111.57	8	792	0	0	0	0	0
2861	2301.95	63.92	7	693	0	0	0	0	0
2862	2302.16	32.08	7	693	0	0	0	0	0
2863	2302.38	29.5	8	792	0	0	0	0	0
2864	2302.61	56.36	8	792	0	0	0	0	0
2865	2302.83	50.26	7	693	0	0	0	0	0
2866	2303.06	42.1	6	594	0	0	0	0	0
2867	2303.29	23.44	7	693	0	0	0	0	0
2868	2303.51	28.09	7	693	0	0	0	0	0
2869	2303.74	30.57	8	792	0	0	0	0	0
2870	2303.96	29.36	7	693	0	0	0	0	0
2871	2304.19	32.18	6	594	0	0	0	0	0
2872	2304.49	33.79	7	693	0	0	0	0	0
2873	2304.64	69.46	8	792	0	0	0	0	0
2874	2304.89	55.34	7	693	0	0	0	0	0
2875	2305.09	54.89	6	594	0	0	0	0	0
2876	2305.32	39.7	7	693	0	0	0	0	0
2877	2305.54	71.26	6	594	0	0	0	0	0
2878	2305.77	37.96	7	693	0	0	0	0	0
2879	2305.99	79.72	7	693	0	0	0	0	0
2880	2306.3	85.44	6	594	0	0	0	0	0
2881	2306.45	95.78	7	693	0	0	0	0	0
2882	2306.67	53.04	10	990	0	0	0	0	0
2883	2306.98	107.64	10	990	0	0	0	0	0
2884	2307.23	89.22	14	1386	0	0	0	0	0
2885	2307.61	96.26	18	1782	0	0	0	0	0
2886	2307.78	109.25	29	2871	0	0	0	0	0
2887	2307.8	30.59	35	3465	0	0	0	0	0
2888	2308.03	61.33	31	3069	0	0	0	0	0
2889	2308.25	69.24	28	2772	0	0	0	0	0
2890	2308.48	55.89	23	2277	0	0	0	0	0
2891	2308.7	42.03	20	1980	0	0	0	0	0
2892	2308.93	37.99	15	1485	0	0	0	0	0
2893	2309.16	33.97	12	1188	0	0	0	0	0
2894	2309.38	37.9	10	990	0	0	0	0	0
2895	2309.61	49.15	9	891	0	0	0	0	0
2896	2309.83	53.19	8	792	0	0	0	0	0
2897	2310.06	59.57	9	891	0	0	0	0	0
2898	2310.28	60.55	8	792	0	0	0	0	0
2899	2310.45	37.92	9	891	0	0	0	0	0
2900	2310.68	56.69	8	792	0	0	0	0	0
2901	2310.98	90.27	7	693	0	0	0	0	0
2902	2311.19	102.31	8	792	0	0	0	0	0
2903	2311.45	109.72	7	693	0	0	0	0	0
2904	2311.75	114.48	8	792	0	0	0	0	0
2905	2311.94	116.88	7	693	0	0	0	0	0
2906	2312.25	105.39	8	792	0	0	0	0	0
2907	2312.53	102.85	7	693	0	0	0	0	0
2908	2312.87	105.75	8	792	0	0	0	0	0
2909	2313.15	106.14	7	693	0	0	0	0	0
2910	2313.45	74.24	8	792	0	0	0	0	0
2911	2313.78	106.29	7	693	0	0	0	0	0
2912	2313.97	101.19	8	792	0	0	0	0	0
2913	2314.1	91.02	7	693	0	0	0	0	0
2914	2314.3	90.62	8	792	0	0	0	0	0
2915	2314.4	107.32	9	891	0	0	0	0	0
2916	2314.6	107.13	8	792	0	0	0	0	0
2917	2314.78	106.51	9	891	0	0	0	0	0
2918	2314.98	69.72	8	792	0	0	0	0	0
2919	2315.03	45.22	9	891	0	0	0	0	0
2920	2315.25	34.15	8	792	0	0	0	0	0
2921	2315.48	26.03	7	693	0	0	0	0	0
2922	2315.7	66.98	8	792	0	0	0	0	0
2923	2315.98	37.11	8	792	0	0	0	0	0
2924	2316.16	45.32	9	891	0	0	0	0	0
2925	2316.38	23.21	11	1089	0	0	0	0	0
2926	2316.61	28.82	10	990	0	0	0	0	0
2927	2316.83	26.61	11	1089	0	0	0	0	0
2928	2316.99	18.09	10	990	0	0	0	0	0
2929	2317.28	17.88	9	891	0	0	0	0	0
2930	2317.52	46.06	9	891	0	0	0	0	0
2931	2317.74	70.56	10	990	0	0	0	0	0
2932	2317.96	51.33	9	891	0	0	0	0	0
2933	2318.19	80.97	10	990	0	0	0	0	0
2934	2086.56	52.64	9	891	0	0	0	0	0
2935	2318.64	119.18	8	792	0	0	0	0	0
2936	2318.87	76.6	9	891	0	0	0	0	0
2937	2319.17	73.59	8	792	0	0	0	0	0
2938	2319.45	88.57	7	693	0	0	0	0	0
2939	2319.74	54.2	8	792	0	0	0	0	0
2940	2319.98	68.75	7	693	0	0	0	0	0
2941	2320.1	105.48	8	792	0	0	0	0	0
2942	2320.17	68.49	7	693	0	0	0	0	0
2943	2320.25	89.21	8	792	0	0	0	0	0
2944	2320.3	62.3	9	891	0	0	0	0	0
2945	2320.36	35.42	9	891	0	0	0	0	0
2946	2320.36	43.46	8	792	0	0	0	0	0
2947	2320.59	31.41	8	792	0	0	0	0	0
2948	2320.81	43.73	7	693	0	0	0	0	0
2949	2321.04	32.17	7	693	0	0	0	0	0
2950	2321.26	25.3	7	693	0	0	0	0	0
2951	2321.49	25.33	6	594	0	0	0	0	0
2952	2321.71	28.29	6	594	0	0	0	0	0
2953	2321.94	31.99	7	693	0	0	0	0	0
2954	2322.16	38.37	7	693	0	0	0	0	0
2955	2322.39	22.09	8	792	0	0	0	0	0
2956	2322.61	29.55	8	792	0	0	0	0	0
2957	2322.84	27.09	8	792	0	0	0	0	0
2958	2323.06	44.67	6	594	0	0	0	0	0
2959	2323.29	38.59	6	594	0	0	0	0	0
2960	2323.4	48.29	5	495	0	0	0	0	0
2961	2323.68	42.69	5	495	0	0	0	0	0
2962	2323.89	31.31	5	495	0	0	0	0	0
2963	2324.19	20.64	6	594	0	0	0	0	0
2964	2324.3	19.41	6	594	0	0	0	0	0
2965	2324.64	63.3	7	693	0	0	0	0	0
2966	2324.87	84.25	7	693	0	0	0	0	0
2967	2324.98	83.82	7	693	0	0	0	0	0
2968	2325.32	63.13	6	594	0	0	0	0	0
2969	2325.54	32.09	6	594	0	0	0	0	0
2970	2325.77	49.1	7	693	0	0	0	0	0
2971	2325.89	114.43	7	693	0	0	0	0	0
2972	2326.95	114.43	7	693	0	0	0	0	0
2973	2327.18	76.28	7	693	0	0	0	0	0
2974	2327.41	85.32	6	594	0	0	0	0	0
2975	2327.63	112.06	6	594	0	0	0	0	0
2976	2327.86	84.68	6	594	0	0	0	0	0
2977	2328.09	55.83	7	693	0	0	0	0	0
2978	2328.32	42.58	7	693	0	0	0	0	0
2979	2328.54	55.2	7	693	0	0	0	0	0
2980	2328.77	28.24	7	693	0	0	0	0	0
2981	2329	29.32	8	792	0	0	0	0	0
2982	2329.23	55.38	8	792	0	0	0	0	0
2983	2329.45	104.22	7	693	0	0	0	0	0
2984	2329.68	150.06	7	693	0	0	0	0	0
2985	2329.91	36.39	7	693	0	0	0	0	0
2986	2330.14	134.38	6	594	0	0	0	0	0
2987	2330.36	122.54	6	594	0	0	0	0	0
2988	2330.59	100.49	5	495	0	0	0	0	0
2989	2330.82	135.3	5	495	0	0	0	0	0
2990	2331.05	34.34	5	495	0	0	0	0	0
2991	2331.28	23.09	5	495	0	0	0	0	0
2992	2331.51	22.34	6	594	0	0	0	0	0
2993	2331.74	21.55	6	594	0	0	0	0	0
2994	2331.97	20.42	6	594	0	0	0	0	0
2995	2332.2	40.86	6	594	0	0	0	0	0
2996	2332.44	18.16	7	693	0	0	0	0	0
2997	2332.67	15.43	7	693	0	0	0	0	0
2998	2332.9	21.33	7	693	0	0	0	0	0
2999	2333.13	21.28	6	594	0	0	0	0	0
3000	2333.36	21.82	6	594	0	0	0	0	0
3001	2333.59	21.34	6	594	0	0	0	0	0
3002	2333.83	22.14	7	693	0	0	0	0	0
3003	2334.06	23.95	7	693	0	0	0	0	0
3004	2334.29	33.3	7	693	0	0	0	0	0
3005	2334.52	25.05	9	891	0	0	0	0	0
3006	2334.75	10.04	9	891	0	0	0	0	0
3007	2334.99	11.91	8	792	0	0	0	0	0
3008	2335.22	13.21	8	792	0	0	0	0	0
3009	2335.45	14.61	7	693	0	0	0	0	0
3010	2335.68	21.89	7	693	0	0	0	0	0
3011	2335.91	21.15	8	792	0	0	0	0	0
3012	2336.14	22.47	7	693	0	0	0	0	0
3013	2336.38	21.03	7	693	0	0	0	0	0
3014	2336.61	24.02	6	594	0	0	0	0	0
3015	2336.84	20.89	6	594	0	0	0	0	0
3016	2337.07	19.54	6	594	0	0	0	0	0
3017	2337.3	24.55	6	594	0	0	0	0	0
3018	2337.53	27.28	7	693	0	0	0	0	0
3019	2337.77	22.71	7	693	0	0	0	0	0
3020	2337.9	22.03	8	792	0	0	0	0	0
3021	2337.26	26.24	7	693	0	0	0	0	0
3022	2103.74	23.66	7	693	0	0	0	0	0
3023	2337.71	40.95	6	594	0	0	0	0	0
3024	2337.93	27.62	6	594	0	0	0	0	0
3025	2338.16	28.77	6	594	0	0	0	0	0
3026	2338.38	12.37	7	693	0	0	0	0	0
3027	2339.61	10.22	6	594	0	0	0	0	0
3028	2339.84	12.13	6	594	0	0	0	0	0
3029	2340.07	11.18	5	495	0	0	0	0	0
3030	2340.3	13.24	5	495	0	0	0	0	0
3031	2340.53	21.67	5	495	0	0	0	0	0
3032	2340.76	30.64	5	495	0	0	0	0	0
3033	2340.99	12.33	6	594	0	0	0	0	0
3034	2341.22	22.78	6	594	0	0	0	0	0
3035	2341.45	25.28	7	693	0	0	0	0	0
3036	2341.68	18.34	7	693	0	0	0	0	0
3037	2341.91	12.13	6	594	0	0	0	0	0
3038	2342.14	29.22	6	594	0	0	0	0	0
3039	2342.37	16.95	7	693	0	0	0	0	0
3040	2342.6	27.24	8	792	0	0	0	0	0
3041	2342.83	22.71	8	792	0	0	0	0	0
3042	2343.06	25.93	8	792	0	0	0	0	0
3043	2343.29	35.76	8	792	0	0	0	0	0
3044	2343.53	38.21	7	693	0	0	0	0	0
3045	2343.76	32.34	7	693	0	0	0	0	0
3046	2343.99	32.56	7	693	0	0	0	0	0
3047	2344.22	20.27	8	792	0	0	0	0	0
3048	2344.45	16.46	8	792	0	0	0	0	0
3049	2344.68	22.31	8	792	0	0	0	0	0
3050	2344.9	18.06	7	693	0	0	0	0	0
3051	2345.13	10.73	6	594	0	0	0	0	0
3052	2345.36	12.31	6	594	0	0	0	0	0
3053	2345.59	12.16	6	594	0	0	0	0	0
3054	2345.81	11.56	7	693	0	0	0	0	0
3055	2346.04	10.34	7	693	0	0	0	0	0
3056	2346.27	18.22	6	594	0	0	0	0	0
3057	2346.5	22.86	6	594	0	0	0	0	0
3058	2346.72	14.63	6	594	0	0	0	0	0
3059	2346.95	12.51	7	693	0	0	0	0	0
3060	2347.18	32.49	7	693	0	0	0	0	0
3061	2347.41	32.42	8	792	0	0	0	0	0
3062	2347.63	20.58	8	792	0	0	0	0	0
3063	2347.86	45.25	8	792	0	0	0	0	0
3064	2348.09	46.38	8	792	0	0	0	0	0
3065	2348.32	23.62	7	693	0	0	0	0	0
3066	2348.54	30.12	7	693	0	0	0	0	0
3067	2348.77	27.85	7	693	0	0	0	0	0
3068	2349	45.01	8	792	0	0	0	0	0
3069	2349.23	16.53	7	693	0	0	0	0	0
3070	2349.45	19.19	8	792	0	0	0	0	0
3071	2349.68	31.97	8	792	0	0	0	0	0
3072	2349.91	59.35	8	792	0	0	0	0	0
3073	2350.14	20.44	7	693	0	0	0	0	0
3074	2350.36	11.02	7	693	0	0	0	0	0
3075	2350.59	23.12	7	693	0	0	0	0	0
3076	2350.82	16.78	6	594	0	0	0	0	0
3077	2350.99	25.51	6	594	0	0	0	0	0
3078	2350.69	18.41	6	594	0	0	0	0	0
3079	2350.92	35.07	7	693	0	0	0	0	0
3080	2351.16	24.22	7	693	0	0	0	0	0
3081	2351.39	21.81	8	792	0	0	0	0	0
3082	2351.62	30.21	8	792	0	0	0	0	0
3083	2351.86	33.01	7	693	0	0	0	0	0
3084	2352.09	24.86	8	792	0	0	0	0	0
3085	2352.32	26.24	7	693	0	0	0	0	0
3086	2352.56	17.72	8	792	0	0	0	0	0
3087	2352.87	8.01	7	693	0	0	0	0	0
3088	2353.04	28.8	6	594	0	0	0	0	0
3089	2353.26	43.35	7	693	0	0	0	0	0
3090	2353.49	33.91	7	693	0	0	0	0	0
3091	2353.73	34.86	8	792	0	0	0	0	0
3092	2353.96	43.83	7	693	0	0	0	0	0
3093	2354.2	31.64	7	693	0	0	0	0	0
3094	2354.43	73.22	8	792	0	0	0	0	0
3095	2354.66	23.66	8	792	0	0	0	0	0
3096	2354.81	15.34	9	891	0	0	0	0	0
3097	2354.69	26.02	8	792	0	0	0	0	0
3098	2354.92	14.71	7	693	0	0	0	0	0
3099	2355.15	15.56	8	792	0	0	0	0	0
3100	2355.38	20.79	8	792	0	0	0	0	0
3101	2355.61	19.01	9	891	0	0	0	0	0
3102	2355.83	19.46	8	792	0	0	0	0	0
3103	2356.06	25.61	7	693	0	0	0	0	0
3104	2356.29	22.39	8	792	0	0	0	0	0
3105	2356.52	22.74	7	693	0	0	0	0	0
3106	2356.75	22.45	7	693	0	0	0	0	0
3107	2356.98	27.57	8	792	0	0	0	0	0
3108	2357.2	29.43	9	891	0	0	0	0	0
3109	2357.43	26.98	7	693	0	0	0	0	0
3110	2357.66	41.04	6	594	0	0	0	0	0
3111	2357.89	27.9	7	693	0	0	0	0	0
3112	2358.12	34.16	8	792	0	0	0	0	0
3113	2358.35	29.2	7	693	0	0	0	0	0
3114	2358.69	18	8	792	0	0	0	0	0
3115	2358.98	26.3	8	792	0	0	0	0	0
3116	2360.26	16.91	7	693	0	0	0	0	0
3117	2360.48	102.88	7	693	0	0	0	0	0
3118	2360.69	75.29	8	792	0	0	0	0	0
3119	2360.9	24.55	8	792	0	0	0	0	0
3120	2361.12	21.16	7	693	0	0	0	0	0
3121	2361.33	27.72	6	594	0	0	0	0	0
3122	2361.55	18.59	7	693	0	0	0	0	0
3123	2361.76	46.43	7	693	0	0	0	0	0
3124	2361.98	127	8	792	0	0	0	0	0
3125	2362.19	85.35	8	792	0	0	0	0	0
3126	2362.4	88.95	9	891	0	0	0	0	0
3127	2362.62	64.85	9	891	0	0	0	0	0
3128	2362.83	53.08	8	792	0	0	0	0	0
3129	2363.05	44.8	8	792	0	0	0	0	0
3130	2363.26	8.56	9	891	0	0	0	0	0
3131	2363.48	24.27	9	891	0	0	0	0	0
3132	2363.69	85.68	8	792	0	0	0	0	0
3133	2363.9	23.29	8	792	0	0	0	0	0
3134	2364.02	3.88	9	891	0	0	0	0	0
3135	236.35	30.57	9	891	0	0	0	0	0
3136	2363.6	11.98	8	792	0	0	0	0	0
3137	2363.83	55.06	8	792	0	0	0	0	0
3138	2364.05	16.46	9	891	0	0	0	0	0
3139	2364.28	64.97	9	891	0	0	0	0	0
3140	2364.51	45.28	8	792	0	0	0	0	0
3141	2364.78	12.54	8	792	0	0	0	0	0
3142	2364.97	71.43	9	891	0	0	0	0	0
3143	2365.2	39.94	10	990	0	0	0	0	0
3144	2365.62	10.95	12	1188	0	0	0	0	0
3145	2365.86	8.75	20	1640	320	0	0	0	0
3146	2365.99	85.18	38	3116	608	0	0	0	0
3147	2366.11	21.97	50	4100	800	0	0	0	0
3148	2366.34	45.73	50	4100	800	0	0	0	0
3149	2366.57	34.64	49	4018	784	0	0	0	0
3150	2366.8	71.88	45	3690	720	0	0	0	0
3151	2367	41.84	42	3444	672	0	0	0	0
3152	2367.25	49.68	39	3198	624	0	0	0	0
3153	2367.48	28.12	27	2214	432	0	0	0	0
3154	2367.69	27.54	29	2378	464	0	0	0	0
3155	2367.94	32.13	36	2952	576	0	0	0	0
3156	2368.17	21.64	35	2870	560	0	0	0	0
3157	2368.59	33.17	28	2296	448	0	0	0	0
3158	2368.87	52.77	23	1886	368	0	0	0	0
3159	2131.97	36.08	20	1640	320	0	0	0	0
3160	2369.08	31.12	18	1476	288	0	0	0	0
3161	2369.31	31.49	17	1394	272	0	0	0	0
3162	2369.54	13.72	16	1312	256	0	0	0	0
3163	2369.76	17.76	15	1230	240	0	0	0	0
3164	2369.99	12.17	12	984	192	0	0	0	0
3165	2370.22	12.97	12	984	192	0	0	0	0
3166	2370.45	44.88	11	902	176	0	0	0	0
3167	2370.68	14.49	10	820	160	0	0	0	0
3168	2370.91	21.24	13	1066	208	0	0	0	0
3169	2371.13	18.56	14	1148	224	0	0	0	0
3170	2371.42	38.2	12	984	192	0	0	0	0
3171	2371.59	85.78	11	869	198	22	0	0	0
3172	2371.82	78.6	12	948	216	24	0	0	0
3173	2372.05	41.93	15	1185	270	30	0	0	0
3174	2372.28	21.58	12	948	216	24	0	0	0
3175	2372.56	16.73	10	790	180	20	0	0	0
3176	2372.67	20.02	12	948	216	24	0	0	0
3177	2372.89	87.61	11	869	198	22	0	0	0
3178	2373.11	50.6	10	790	180	20	0	0	0
3179	2373.33	13.71	9	711	162	18	0	0	0
3180	2373.55	19.2	7	553	126	14	0	0	0
3181	2373.77	20.5	8	632	144	16	0	0	0
3182	2373.99	15.99	9	711	162	18	0	0	0
3183	2374.21	13.85	8	632	144	16	0	0	0
3184	2374.56	23.48	9	711	162	18	0	0	0
3185	2374.79	22.78	10	790	180	20	0	0	0
3186	2375.02	9.9	12	948	216	24	0	0	0
3187	2375.24	66.31	11	869	198	22	0	0	0
3188	2375.46	51.93	10	790	180	20	0	0	0
3189	2375.68	46.61	9	711	162	18	0	0	0
3190	2375.9	52.87	8	632	144	16	0	0	0
3191	2376.16	30.58	9	711	162	18	0	0	0
3192	2376.39	8.11	8	632	144	16	0	0	0
3193	2376.61	12.33	9	711	162	18	0	0	0
3194	2376.84	10.22	10	790	180	20	0	0	0
3195	2377.07	13.73	8	680	104	0	0	0	0
3196	2377.3	17.3	9	765	117	0	0	0	0
3197	2377.53	11.95	8	680	104	0	0	0	0
3198	2377.76	12.2	7	595	91	0	0	0	0
3199	2377.98	9.29	6	510	78	0	0	0	0
3200	2378.2	6.93	5	425	65	0	0	0	0
3201	2378.42	5.85	6	510	78	0	0	0	0
3202	2378.67	8.35	7	595	91	0	0	0	0
3203	2378.9	92.74	7	595	91	0	0	0	0
3204	2379.13	48.52	8	680	104	0	0	0	0
3205	2379.35	22.34	9	765	117	0	0	0	0
3206	2379.58	16.79	9	765	117	0	0	0	0
3207	2379.81	9.46	8	680	104	0	0	0	0
3208	2380.04	17.7	8	680	104	0	0	0	0
3209	2380.27	16.78	7	595	91	0	0	0	0
3210	2381.8	26.57	7	595	91	0	0	0	0
3211	2382.03	32.74	7	595	91	0	0	0	0
3212	2382.26	11.91	7	595	91	0	0	0	0
3213	2382.49	31.61	8	680	104	0	0	0	0
3214	2382.72	10.95	8	680	104	0	0	0	0
3215	2382.95	13.25	7	595	91	0	0	0	0
3216	2383.18	26.09	6	510	78	0	0	0	0
3217	2383.41	25.11	6	510	78	0	0	0	0
3218	2383.64	37.2	7	595	91	0	0	0	0
3219	2383.87	34.53	8	680	104	0	0	0	0
3220	2384.1	43.12	8	680	104	0	0	0	0
3221	2384.33	78.8	7	595	91	0	0	0	0
3222	2384.56	99.73	7	595	91	0	0	0	0
