Depth	TVD	ROP	Gas	C1(PPM)	C2	C3	iC4	nC4	C5
464	463.99	23.93	2	198	0	0	0	0	0
465	464.99	58.58	2	198	0	0	0	0	0
466	465.99	37.08	2	198	0	0	0	0	0
467	466.99	70.45	2	198	0	0	0	0	0
468	467.99	40.07	2	198	0	0	0	0	0
469	468.99	42.68	3	297	0	0	0	0	0
470	469.99	30.94	3	297	0	0	0	0	0
471	470.99	11.71	3	297	0	0	0	0	0
472	471.99	14.99	2	198	0	0	0	0	0
473	472.99	12.56	2	198	0	0	0	0	0
474	473.99	14.78	2	198	0	0	0	0	0
475	474.99	32.88	3	297	0	0	0	0	0
476	475.99	28.54	3	297	0	0	0	0	0
477	476.99	28.02	3	297	0	0	0	0	0
478	477.99	25.54	5	495	0	0	0	0	0
479	478.99	25.62	4	396	0	0	0	0	0
480	479.99	24.62	3	297	0	0	0	0	0
481	480.99	24.19	3	297	0	0	0	0	0
482	481.99	23.56	2	198	0	0	0	0	0
483	482.99	23.06	3	297	0	0	0	0	0
484	483.99	22.71	4	396	0	0	0	0	0
485	484.99	22.32	5	495	0	0	0	0	0
486	485.99	16.93	7	693	0	0	0	0	0
487	486.99	15.52	6	594	0	0	0	0	0
488	487.99	12.62	6	594	0	0	0	0	0
489	488.99	17.44	6	594	0	0	0	0	0
490	489.99	18.36	6	594	0	0	0	0	0
491	490.99	14.22	6	594	0	0	0	0	0
492	491.99	88.27	7	693	0	0	0	0	0
493	492.99	45.94	8	792	0	0	0	0	0
494	493.99	49.52	8	792	0	0	0	0	0
495	494.99	96.31	8	792	0	0	0	0	0
496	495.99	141.55	8	792	0	0	0	0	0
497	496.99	42.3	9	891	0	0	0	0	0
498	497.99	31.15	6	594	0	0	0	0	0
499	498.99	32.58	9	891	0	0	0	0	0
500	499.99	23.7	9	891	0	0	0	0	0
501	500.99	26.31	8	792	0	0	0	0	0
502	501.99	32.64	7	693	0	0	0	0	0
503	502.99	24.24	8	792	0	0	0	0	0
504	503.99	23.49	9	891	0	0	0	0	0
505	504.99	24.98	9	891	0	0	0	0	0
506	505.99	27.16	8	792	0	0	0	0	0
507	506.99	26.17	7	693	0	0	0	0	0
508	507.99	25.12	6	594	0	0	0	0	0
509	508.99	24.57	5	495	0	0	0	0	0
510	509.99	24.51	4	396	0	0	0	0	0
511	510.99	23.18	3	297	0	0	0	0	0
512	511.99	21.02	3	297	0	0	0	0	0
513	512.99	20.67	3	297	0	0	0	0	0
514	513.99	20.72	3	297	0	0	0	0	0
515	514.99	20.17	2	198	0	0	0	0	0
516	515.99	18.73	2	198	0	0	0	0	0
517	516.99	22.9	2	198	0	0	0	0	0
518	517.99	23.76	2	198	0	0	0	0	0
519	518.99	17.87	2	198	0	0	0	0	0
520	519.99	19.94	4	396	0	0	0	0	0
521	520.99	67.82	5	495	0	0	0	0	0
522	521.99	65.53	3	297	0	0	0	0	0
523	522.99	45.42	3	297	0	0	0	0	0
524	523.99	19.33	5	495	0	0	0	0	0
525	524.99	19.1	2	198	0	0	0	0	0
526	525.99	73.83	3	297	0	0	0	0	0
527	526.99	23.31	2	198	0	0	0	0	0
528	527.99	29.1	3	297	0	0	0	0	0
529	528.99	27.95	2	198	0	0	0	0	0
530	529.99	28.29	2	198	0	0	0	0	0
531	530.99	24.09	3	297	0	0	0	0	0
532	531.99	20.04	2	198	0	0	0	0	0
533	532.99	24.61	3	297	0	0	0	0	0
534	533.99	30.63	2	198	0	0	0	0	0
535	534.99	24.11	3	297	0	0	0	0	0
536	535.99	18.94	2	198	0	0	0	0	0
537	536.99	12.68	3	297	0	0	0	0	0
538	537.99	14.73	3	297	0	0	0	0	0
539	538.99	21.98	2	198	0	0	0	0	0
540	539.99	24.5	4	396	0	0	0	0	0
541	540.99	22.77	4	396	0	0	0	0	0
542	541.99	22.33	4	396	0	0	0	0	0
543	542.99	19.5	4	396	0	0	0	0	0
544	543.99	23.37	3	297	0	0	0	0	0
545	544.99	23.09	3	297	0	0	0	0	0
546	545.99	17.37	2	198	0	0	0	0	0
547	546.99	18.15	2	198	0	0	0	0	0
548	547.99	20.57	2	198	0	0	0	0	0
549	548.99	20.06	2	198	0	0	0	0	0
550	549.99	47.16	2	198	0	0	0	0	0
551	550.99	11.8	2	198	0	0	0	0	0
552	551.99	8.28	2	198	0	0	0	0	0
553	552.99	86.87	2	198	0	0	0	0	0
554	553.99	31.62	2	198	0	0	0	0	0
555	554.99	12.14	2	198	0	0	0	0	0
556	555.99	31.43	2	198	0	0	0	0	0
557	556.99	17.63	3	297	0	0	0	0	0
558	557.99	25.07	3	297	0	0	0	0	0
559	558.99	19.54	3	297	0	0	0	0	0
560	559.99	9.86	3	297	0	0	0	0	0
561	560.99	11.52	3	297	0	0	0	0	0
562	561.99	12.82	3	297	0	0	0	0	0
563	562.99	20.33	2	198	0	0	0	0	0
564	563.99	20.4	3	297	0	0	0	0	0
565	564.99	21.57	4	396	0	0	0	0	0
566	565.99	28.46	4	396	0	0	0	0	0
567	566.99	24.38	4	396	0	0	0	0	0
568	567.99	22.96	3	297	0	0	0	0	0
569	568.99	15.76	3	297	0	0	0	0	0
570	569.99	20.86	2	198	0	0	0	0	0
571	570.99	20.1	2	198	0	0	0	0	0
572	571.99	17.63	2	198	0	0	0	0	0
573	572.99	17.18	2	198	0	0	0	0	0
574	573.99	18.07	3	297	0	0	0	0	0
575	574.99	26.79	3	297	0	0	0	0	0
576	575.99	24.14	3	297	0	0	0	0	0
577	576.99	22.03	3	297	0	0	0	0	0
578	577.99	35.11	2	198	0	0	0	0	0
579	578.99	30.03	2	198	0	0	0	0	0
580	579.99	15.29	4	396	0	0	0	0	0
581	580.99	29.55	4	396	0	0	0	0	0
582	581.99	25.83	4	396	0	0	0	0	0
583	582.99	24.06	4	396	0	0	0	0	0
584	583.99	18.26	3	297	0	0	0	0	0
585	584.99	18.66	3	297	0	0	0	0	0
586	585.99	22.44	3	297	0	0	0	0	0
587	586.99	25.81	3	297	0	0	0	0	0
588	587.99	18.89	3	297	0	0	0	0	0
589	588.99	19.16	3	297	0	0	0	0	0
590	589.99	23.68	3	297	0	0	0	0	0
591	590.99	14.17	2	198	0	0	0	0	0
592	591.99	13.12	2	198	0	0	0	0	0
593	592.99	21.89	2	198	0	0	0	0	0
594	593.99	15.82	2	198	0	0	0	0	0
595	594.99	17.75	2	198	0	0	0	0	0
596	595.99	18.05	2	198	0	0	0	0	0
597	596.99	20.38	3	297	0	0	0	0	0
598	597.99	20.26	2	198	0	0	0	0	0
599	598.99	23.04	2	198	0	0	0	0	0
600	599.99	22.04	2	198	0	0	0	0	0
601	600.99	25.5	3	297	0	0	0	0	0
602	601.99	28.93	3	297	0	0	0	0	0
603	602.99	30.75	4	396	0	0	0	0	0
604	603.99	24.01	4	396	0	0	0	0	0
605	604.99	22.86	4	396	0	0	0	0	0
606	605.99	30.24	4	396	0	0	0	0	0
607	606.99	30.19	4	396	0	0	0	0	0
608	607.99	56.28	4	396	0	0	0	0	0
609	608.99	20.24	4	396	0	0	0	0	0
610	609.99	21.23	4	396	0	0	0	0	0
611	610.99	25.83	2	198	0	0	0	0	0
612	611.99	28.18	2	198	0	0	0	0	0
613	612.99	30.37	2	198	0	0	0	0	0
614	613.99	27.83	2	198	0	0	0	0	0
615	614.99	28.16	2	198	0	0	0	0	0
616	615.99	21.78	2	198	0	0	0	0	0
617	616.99	22.06	2	198	0	0	0	0	0
618	617.99	23.78	3	297	0	0	0	0	0
619	618.99	23.71	3	297	0	0	0	0	0
620	619.99	25.46	4	396	0	0	0	0	0
621	620.99	56.57	4	396	0	0	0	0	0
622	621.99	26.44	3	297	0	0	0	0	0
623	622.99	21.39	3	297	0	0	0	0	0
624	623.99	23	3	297	0	0	0	0	0
625	624.99	23.14	4	396	0	0	0	0	0
626	625.99	24.62	2	198	0	0	0	0	0
627	626.99	21.41	3	297	0	0	0	0	0
628	627.99	22.4	3	297	0	0	0	0	0
629	628.99	22.15	4	396	0	0	0	0	0
630	629.99	22.15	5	495	0	0	0	0	0
631	630.99	25.33	6	594	0	0	0	0	0
632	631.99	20.29	8	792	0	0	0	0	0
633	632.99	20.66	9	891	0	0	0	0	0
634	633.99	17.27	10	990	0	0	0	0	0
635	634.99	28.54	15	1485	0	0	0	0	0
636	635.99	25.52	15	1485	0	0	0	0	0
637	636.99	23.96	16	1584	0	0	0	0	0
638	637.99	22.16	17	1683	0	0	0	0	0
639	638.99	34.09	19	1881	0	0	0	0	0
640	639.99	14.71	19	1881	0	0	0	0	0
641	640.99	21.89	19	1881	0	0	0	0	0
642	641.99	18.87	15	1485	0	0	0	0	0
643	642.99	17.67	14	1386	0	0	0	0	0
644	643.99	15.57	12	1188	0	0	0	0	0
645	644.99	28.77	10	990	0	0	0	0	0
646	645.99	23.97	9	891	0	0	0	0	0
647	646.99	23.43	8	792	0	0	0	0	0
648	647.99	22.83	8	792	0	0	0	0	0
649	648.99	19.83	8	792	0	0	0	0	0
650	649.99	20.1	7	693	0	0	0	0	0
651	650.99	21.92	6	594	0	0	0	0	0
652	651.99	20.47	6	594	0	0	0	0	0
653	652.99	21.44	6	594	0	0	0	0	0
654	653.99	22.69	6	594	0	0	0	0	0
655	654.99	23.78	6	594	0	0	0	0	0
656	655.99	22.53	6	594	0	0	0	0	0
657	656.99	21.63	4	396	0	0	0	0	0
658	657.99	21.92	4	396	0	0	0	0	0
659	658.99	24.59	4	396	0	0	0	0	0
660	659.99	29.97	4	396	0	0	0	0	0
661	660.99	27.07	4	396	0	0	0	0	0
662	661.99	19.31	3	297	0	0	0	0	0
663	662.99	12.03	3	297	0	0	0	0	0
664	663.99	12.36	3	297	0	0	0	0	0
665	664.99	23.69	3	297	0	0	0	0	0
666	665.99	23.6	3	297	0	0	0	0	0
667	666.99	23.6	3	297	0	0	0	0	0
668	667.99	52.75	3	297	0	0	0	0	0
669	668.99	62.67	4	396	0	0	0	0	0
670	669.99	14.53	4	396	0	0	0	0	0
671	670.99	8.86	4	396	0	0	0	0	0
672	671.99	10.36	4	396	0	0	0	0	0
673	672.99	15.27	4	396	0	0	0	0	0
674	673.99	11.42	4	396	0	0	0	0	0
675	674.99	12.68	4	396	0	0	0	0	0
676	675.99	60.74	3	297	0	0	0	0	0
677	676.99	55.87	3	297	0	0	0	0	0
678	677.99	14.75	3	297	0	0	0	0	0
679	678.99	22.69	3	297	0	0	0	0	0
680	679.99	60.53	3	297	0	0	0	0	0
681	680.99	62.22	3	297	0	0	0	0	0
682	681.99	48.84	3	297	0	0	0	0	0
683	682.99	48.84	3	297	0	0	0	0	0
684	683.99	45.61	3	297	0	0	0	0	0
685	684.99	18.72	3	297	0	0	0	0	0
686	685.99	16.04	3	297	0	0	0	0	0
687	686.99	17.82	3	297	0	0	0	0	0
688	687.99	19.39	2	198	0	0	0	0	0
689	688.99	14.18	2	198	0	0	0	0	0
690	689.99	15.37	3	297	0	0	0	0	0
691	690.99	20.7	2	198	0	0	0	0	0
692	691.99	18.54	2	198	0	0	0	0	0
693	692.99	17.21	2	198	0	0	0	0	0
694	693.99	12.84	2	198	0	0	0	0	0
695	694.99	12.46	2	198	0	0	0	0	0
696	695.99	16.51	3	297	0	0	0	0	0
697	696.99	18.44	2	198	0	0	0	0	0
698	697.99	21.85	2	198	0	0	0	0	0
699	698.99	23.42	3	297	0	0	0	0	0
700	699.99	23.83	3	297	0	0	0	0	0
701	700.99	21.86	3	297	0	0	0	0	0
702	701.99	20.04	4	396	0	0	0	0	0
703	702.99	10.56	4	396	0	0	0	0	0
704	703.99	12.03	3	297	0	0	0	0	0
705	704.99	21.43	2	198	0	0	0	0	0
706	705.99	19.53	2	198	0	0	0	0	0
707	706.99	18.37	3	297	0	0	0	0	0
708	707.99	19.17	3	297	0	0	0	0	0
709	708.99	15.32	3	297	0	0	0	0	0
710	709.99	19.4	3	297	0	0	0	0	0
711	710.99	15.2	4	396	0	0	0	0	0
712	711.99	12.3	4	396	0	0	0	0	0
713	712.99	13.99	3	297	0	0	0	0	0
714	713.99	16.43	4	396	0	0	0	0	0
715	714.99	16.27	3	297	0	0	0	0	0
716	715.99	24.56	2	198	0	0	0	0	0
717	716.99	22.04	2	198	0	0	0	0	0
718	717.99	24.53	2	198	0	0	0	0	0
719	718.99	21.29	2	198	0	0	0	0	0
720	719.99	23.3	2	198	0	0	0	0	0
721	720.99	21.02	3	297	0	0	0	0	0
722	721.99	22.3	3	297	0	0	0	0	0
723	722.99	19.91	3	297	0	0	0	0	0
724	723.99	36.79	3	297	0	0	0	0	0
725	724.99	16.87	2	198	0	0	0	0	0
726	725.99	16.93	2	198	0	0	0	0	0
727	726.99	23.71	4	396	0	0	0	0	0
728	727.99	22.46	2	198	0	0	0	0	0
729	728.99	23.11	5	495	0	0	0	0	0
730	729.99	23.82	2	198	0	0	0	0	0
731	730.99	23.66	2	198	0	0	0	0	0
732	731.99	23.3	2	198	0	0	0	0	0
733	732.99	23.06	2	198	0	0	0	0	0
734	733.99	22.81	3	297	0	0	0	0	0
735	734.99	21.52	3	297	0	0	0	0	0
736	735.99	22.88	3	297	0	0	0	0	0
737	736.99	21.55	4	396	0	0	0	0	0
738	737.99	19.44	4	396	0	0	0	0	0
739	738.99	20.63	4	396	0	0	0	0	0
740	739.99	22.01	5	495	0	0	0	0	0
741	740.99	24.28	5	495	0	0	0	0	0
742	741.99	21.73	3	297	0	0	0	0	0
743	742.99	20.54	3	297	0	0	0	0	0
744	743.99	21.54	5	495	0	0	0	0	0
745	744.99	20.69	5	495	0	0	0	0	0
746	745.99	19.72	5	495	0	0	0	0	0
747	746.99	19.96	5	495	0	0	0	0	0
748	747.99	21.6	5	495	0	0	0	0	0
749	748.99	20.34	5	495	0	0	0	0	0
750	749.99	18.97	4	396	0	0	0	0	0
751	750.99	8.32	3	297	0	0	0	0	0
752	751.99	31.27	3	297	0	0	0	0	0
753	752.99	49.57	2	198	0	0	0	0	0
754	753.99	32.47	2	198	0	0	0	0	0
755	754.99	16.32	2	198	0	0	0	0	0
756	755.99	10.24	3	297	0	0	0	0	0
757	756.99	11.04	3	297	0	0	0	0	0
758	757.99	13.95	3	297	0	0	0	0	0
759	758.99	16.49	3	297	0	0	0	0	0
760	759.99	2.35	3	297	0	0	0	0	0
761	760.99	9.91	2	198	0	0	0	0	0
762	761.99	11.56	3	297	0	0	0	0	0
763	762.99	35.31	3	297	0	0	0	0	0
764	763.99	39.89	3	297	0	0	0	0	0
765	764.99	21.73	3	297	0	0	0	0	0
766	765.99	38.51	3	297	0	0	0	0	0
767	766.99	9.63	3	297	0	0	0	0	0
768	767.99	17.46	2	198	0	0	0	0	0
769	768.99	19	2	198	0	0	0	0	0
770	769.99	18	3	297	0	0	0	0	0
771	770.99	16	3	297	0	0	0	0	0
772	771.99	14	2	198	0	0	0	0	0
773	772.99	13	3	297	0	0	0	0	0
774	773.99	15	2	198	0	0	0	0	0
775	774.99	17	2	198	0	0	0	0	0
776	775.99	16	3	297	0	0	0	0	0
777	776.99	16.08	2	198	0	0	0	0	0
778	777.99	15	2	198	0	0	0	0	0
779	778.99	9.5	3	297	0	0	0	0	0
780	779.99	6.69	2	198	0	0	0	0	0
781	780.99	9.27	2	198	0	0	0	0	0
782	781.99	14.53	2	198	0	0	0	0	0
783	782.99	6.04	2	198	0	0	0	0	0
784	783.99	9.85	2	198	0	0	0	0	0
785	784.99	16.15	2	198	0	0	0	0	0
786	785.99	14.6	3	297	0	0	0	0	0
787	786.99	12.68	3	297	0	0	0	0	0
788	787.99	6.85	3	297	0	0	0	0	0
789	788.99	9.56	3	297	0	0	0	0	0
790	789.99	12.26	3	297	0	0	0	0	0
791	790.99	10.07	4	396	0	0	0	0	0
792	791.99	8.94	4	396	0	0	0	0	0
793	792.99	15.36	4	396	0	0	0	0	0
794	793.99	11.11	4	396	0	0	0	0	0
795	794.99	3.58	4	396	0	0	0	0	0
796	795.99	12.63	4	396	0	0	0	0	0
797	796.99	9.89	4	396	0	0	0	0	0
798	797.99	11.25	7	693	0	0	0	0	0
799	798.99	14.52	4	396	0	0	0	0	0
800	799.99	21.43	2	198	0	0	0	0	0
801	800.99	58.01	2	198	0	0	0	0	0
802	801.99	143.96	2	198	0	0	0	0	0
803	802.99	58.2	2	198	0	0	0	0	0
804	803.99	21.35	4	396	0	0	0	0	0
805	804.99	11.66	4	396	0	0	0	0	0
806	805.99	10.31	4	396	0	0	0	0	0
807	806.99	9.95	4	396	0	0	0	0	0
808	807.99	17.22	4	396	0	0	0	0	0
809	808.99	16.9	4	396	0	0	0	0	0
810	809.99	11.72	3	297	0	0	0	0	0
811	810.99	14.44	4	396	0	0	0	0	0
812	811.99	12.63	3	297	0	0	0	0	0
813	812.99	73.04	3	297	0	0	0	0	0
814	813.99	59.29	3	297	0	0	0	0	0
815	814.99	18.59	4	396	0	0	0	0	0
816	815.99	20.65	4	396	0	0	0	0	0
817	816.99	20.94	4	396	0	0	0	0	0
818	817.99	20.56	4	396	0	0	0	0	0
819	818.99	20.75	4	396	0	0	0	0	0
820	819.99	18.04	4	396	0	0	0	0	0
821	820.99	18	4	396	0	0	0	0	0
822	821.99	21.75	4	396	0	0	0	0	0
823	822.99	21.97	4	396	0	0	0	0	0
824	823.99	22.09	4	396	0	0	0	0	0
825	824.99	22.71	4	396	0	0	0	0	0
826	825.99	17.4	4	396	0	0	0	0	0
827	826.99	17.83	3	297	0	0	0	0	0
828	827.99	19.94	3	297	0	0	0	0	0
829	828.99	21.17	3	297	0	0	0	0	0
830	829.99	20.55	3	297	0	0	0	0	0
831	830.99	20.68	3	297	0	0	0	0	0
832	831.99	19.63	3	297	0	0	0	0	0
833	832.99	20.19	3	297	0	0	0	0	0
834	833.99	21	4	396	0	0	0	0	0
835	834.99	19.3	6	594	0	0	0	0	0
836	835.99	23.08	6	594	0	0	0	0	0
837	836.99	19.44	6	594	0	0	0	0	0
838	837.99	23.6	6	594	0	0	0	0	0
839	838.99	24.64	6	594	0	0	0	0	0
840	839.99	23.15	5	495	0	0	0	0	0
841	840.99	20.81	4	396	0	0	0	0	0
842	841.99	21.12	3	297	0	0	0	0	0
843	842.99	22.23	3	297	0	0	0	0	0
844	843.99	23.96	3	297	0	0	0	0	0
845	844.99	22.47	3	297	0	0	0	0	0
846	845.99	23.14	2	198	0	0	0	0	0
847	846.99	21.96	2	198	0	0	0	0	0
848	847.99	15.2	2	198	0	0	0	0	0
849	848.99	20.61	3	297	0	0	0	0	0
850	849.99	22.65	2	198	0	0	0	0	0
851	850.99	22.25	2	198	0	0	0	0	0
852	851.99	30.2	2	198	0	0	0	0	0
853	852.99	28.71	2	198	0	0	0	0	0
854	853.99	23.73	3	297	0	0	0	0	0
855	854.99	26.15	3	297	0	0	0	0	0
856	855.99	24.93	3	297	0	0	0	0	0
857	856.99	22.38	4	396	0	0	0	0	0
858	857.99	19.24	4	396	0	0	0	0	0
859	858.99	26.2	4	396	0	0	0	0	0
860	859.99	25.76	4	396	0	0	0	0	0
861	860.99	22	4	396	0	0	0	0	0
862	861.99	22.74	4	396	0	0	0	0	0
863	862.99	23.61	5	495	0	0	0	0	0
864	863.99	23.33	5	495	0	0	0	0	0
865	864.99	16.26	5	495	0	0	0	0	0
866	865.99	21.62	5	495	0	0	0	0	0
867	866.99	28.29	5	495	0	0	0	0	0
868	867.99	23.72	5	495	0	0	0	0	0
869	868.99	20.5	5	495	0	0	0	0	0
870	869.99	21.37	5	495	0	0	0	0	0
871	870.99	21.55	4	396	0	0	0	0	0
872	871.99	35.48	4	396	0	0	0	0	0
873	872.99	22.46	4	396	0	0	0	0	0
874	873.99	20.01	4	396	0	0	0	0	0
875	874.99	35.39	4	396	0	0	0	0	0
876	875.99	22.42	4	396	0	0	0	0	0
877	876.99	21.68	4	396	0	0	0	0	0
878	877.99	27.55	4	396	0	0	0	0	0
879	878.99	22.93	4	396	0	0	0	0	0
880	879.99	26.92	4	396	0	0	0	0	0
881	880.99	22.89	4	396	0	0	0	0	0
882	881.99	22.13	4	396	0	0	0	0	0
883	882.99	20.27	3	297	0	0	0	0	0
884	883.99	20.8	3	297	0	0	0	0	0
885	884.99	20.44	3	297	0	0	0	0	0
886	885.99	28.72	3	297	0	0	0	0	0
887	886.99	27.55	3	297	0	0	0	0	0
888	887.99	25.09	3	297	0	0	0	0	0
889	888.99	22.15	3	297	0	0	0	0	0
890	889.99	23.52	3	297	0	0	0	0	0
891	890.99	28.46	3	297	0	0	0	0	0
892	891.99	22.78	3	297	0	0	0	0	0
893	892.99	17.94	3	297	0	0	0	0	0
894	893.99	147.53	2	198	0	0	0	0	0
895	894.99	20.59	2	198	0	0	0	0	0
896	895.99	22.29	2	198	0	0	0	0	0
897	896.99	27.74	2	198	0	0	0	0	0
898	897.99	26.26	2	198	0	0	0	0	0
899	898.99	26	2	198	0	0	0	0	0
900	899.99	26.56	2	198	0	0	0	0	0
901	900.99	27.55	2	198	0	0	0	0	0
902	901.99	25.19	2	198	0	0	0	0	0
903	902.99	26.11	2	198	0	0	0	0	0
904	903.99	35.22	2	198	0	0	0	0	0
905	904.99	30.77	2	198	0	0	0	0	0
906	905.99	32.16	2	198	0	0	0	0	0
907	906.99	30.98	2	198	0	0	0	0	0
908	907.99	34.17	2	198	0	0	0	0	0
909	908.99	26.25	2	198	0	0	0	0	0
910	909.99	24.4	2	198	0	0	0	0	0
911	910.99	29.14	2	198	0	0	0	0	0
912	911.99	36.35	2	198	0	0	0	0	0
913	912.99	35.22	2	198	0	0	0	0	0
914	913.99	41.7	2	198	0	0	0	0	0
915	914.99	39.83	2	198	0	0	0	0	0
916	915.99	35.64	2	198	0	0	0	0	0
917	916.99	40.96	2	198	0	0	0	0	0
918	917.99	50.66	2	198	0	0	0	0	0
919	918.99	38.89	2	198	0	0	0	0	0
920	919.99	22.16	2	198	0	0	0	0	0
921	920.99	36.85	2	198	0	0	0	0	0
922	921.99	23.25	2	198	0	0	0	0	0
923	922.99	17.76	2	198	0	0	0	0	0
924	923.99	17.08	2	198	0	0	0	0	0
925	924.99	3.73	2	198	0	0	0	0	0
926	925.99	22	2	198	0	0	0	0	0
927	926.99	22.98	2	198	0	0	0	0	0
928	927.99	18.28	2	198	0	0	0	0	0
929	928.99	12.09	2	198	0	0	0	0	0
930	929.99	0	2	198	0	0	0	0	0
931	930.99	12.09	2	198	0	0	0	0	0
932	931.99	12.09	2	198	0	0	0	0	0
933	932.99	2.23	2	198	0	0	0	0	0
934	933.99	25.31	2	198	0	0	0	0	0
935	934.99	24.55	2	198	0	0	0	0	0
936	935.99	23.18	2	198	0	0	0	0	0
937	936.99	23.79	2	198	0	0	0	0	0
938	937.99	21.83	2	198	0	0	0	0	0
939	938.99	22.76	2	198	0	0	0	0	0
940	939.99	23.42	2	198	0	0	0	0	0
941	940.99	24.43	2	198	0	0	0	0	0
942	941.99	24.68	3	297	0	0	0	0	0
943	942.99	24.73	3	297	0	0	0	0	0
944	943.99	25.7	3	297	0	0	0	0	0
945	944.99	84.27	3	297	0	0	0	0	0
946	945.99	206.25	3	297	0	0	0	0	0
947	946.99	86.37	3	297	0	0	0	0	0
948	947.99	7.48	3	297	0	0	0	0	0
949	948.99	27.02	3	297	0	0	0	0	0
950	949.99	24.96	3	297	0	0	0	0	0
951	950.99	22.73	2	198	0	0	0	0	0
952	951.99	22.21	2	198	0	0	0	0	0
953	952.99	62.2	2	198	0	0	0	0	0
954	953.99	40.42	2	198	0	0	0	0	0
955	954.99	22.65	2	198	0	0	0	0	0
956	955.99	25.86	2	198	0	0	0	0	0
957	956.99	25.67	2	198	0	0	0	0	0
958	957.99	24.8	2	198	0	0	0	0	0
959	958.99	24.77	2	198	0	0	0	0	0
960	959.99	26.69	2	198	0	0	0	0	0
961	960.99	24.79	2	198	0	0	0	0	0
962	961.99	17.18	2	198	0	0	0	0	0
963	962.99	21.18	2	198	0	0	0	0	0
964	963.99	22.94	2	198	0	0	0	0	0
965	964.99	25.27	2	198	0	0	0	0	0
966	965.99	20.26	2	198	0	0	0	0	0
967	966.99	21.14	2	198	0	0	0	0	0
968	967.99	21.22	2	198	0	0	0	0	0
969	968.99	25.48	2	198	0	0	0	0	0
970	969.99	19.86	2	198	0	0	0	0	0
971	970.99	26.11	2	198	0	0	0	0	0
972	971.99	25.28	2	198	0	0	0	0	0
973	972.99	22.44	2	198	0	0	0	0	0
974	973.99	26.24	2	198	0	0	0	0	0
975	974.99	26.14	2	198	0	0	0	0	0
976	975.99	25.26	2	198	0	0	0	0	0
977	976.99	25.28	2	198	0	0	0	0	0
978	977.99	25.03	2	198	0	0	0	0	0
979	978.99	25.14	2	198	0	0	0	0	0
980	979.99	19.91	2	198	0	0	0	0	0
981	980.99	38.78	2	198	0	0	0	0	0
982	981.99	25.66	2	198	0	0	0	0	0
983	982.99	22.67	2	198	0	0	0	0	0
984	983.99	25.56	3	297	0	0	0	0	0
985	984.99	22.22	3	297	0	0	0	0	0
986	985.99	22.07	3	297	0	0	0	0	0
987	986.99	22.03	3	297	0	0	0	0	0
988	987.99	24.87	3	297	0	0	0	0	0
989	988.99	26.61	3	297	0	0	0	0	0
990	989.99	25.46	3	297	0	0	0	0	0
991	990.99	23.84	3	297	0	0	0	0	0
992	991.99	26.74	4	396	0	0	0	0	0
993	992.99	22.11	5	495	0	0	0	0	0
994	993.99	20.71	5	495	0	0	0	0	0
995	994.99	20.55	5	495	0	0	0	0	0
996	995.99	18.37	5	495	0	0	0	0	0
997	996.99	25.77	5	495	0	0	0	0	0
998	997.99	33.49	5	495	0	0	0	0	0
999	998.99	35.26	5	495	0	0	0	0	0
1000	999.99	32.59	5	495	0	0	0	0	0
1001	1000.99	18.68	4	396	0	0	0	0	0
1002	1001.99	20.3	3	297	0	0	0	0	0
1003	1002.99	20.94	2	198	0	0	0	0	0
1004	1003.99	24.86	2	198	0	0	0	0	0
1005	1004.99	22.08	2	198	0	0	0	0	0
1006	1005.99	24.2	2	198	0	0	0	0	0
1007	1006.99	20.34	2	198	0	0	0	0	0
1008	1007.99	23.54	2	198	0	0	0	0	0
1009	1008.99	19.87	2	198	0	0	0	0	0
1010	1009.99	25.78	2	198	0	0	0	0	0
1011	1010.99	22.95	2	198	0	0	0	0	0
1012	1011.99	25.67	3	297	0	0	0	0	0
1013	1012.99	23.75	4	396	0	0	0	0	0
1014	1013.99	26.93	4	396	0	0	0	0	0
1015	1014.99	26.62	6	594	0	0	0	0	0
1016	1015.99	26.34	6	594	0	0	0	0	0
1017	1016.99	26.62	6	594	0	0	0	0	0
1018	1017.99	24.65	6	594	0	0	0	0	0
1019	1018.99	28.21	6	594	0	0	0	0	0
1020	1019.99	28.73	6	594	0	0	0	0	0
1021	1020.99	27.55	6	594	0	0	0	0	0
1022	1021.99	27.99	7	693	0	0	0	0	0
1023	1022.99	48.16	7	693	0	0	0	0	0
1024	1023.99	26.16	7	693	0	0	0	0	0
1025	1024.99	28.44	8	792	0	0	0	0	0
1026	1025.99	31.31	8	792	0	0	0	0	0
1027	1026.99	19.84	7	693	0	0	0	0	0
1028	1027.99	22.81	7	693	0	0	0	0	0
1029	1028.99	23.38	8	792	0	0	0	0	0
1030	1029.99	24.63	8	792	0	0	0	0	0
1031	1030.99	31.42	7	693	0	0	0	0	0
1032	1031.99	23.12	6	594	0	0	0	0	0
1033	1032.99	23.83	6	594	0	0	0	0	0
1034	1033.99	24.71	5	495	0	0	0	0	0
1035	1034.99	26.05	4	396	0	0	0	0	0
1036	1035.99	32.94	4	396	0	0	0	0	0
1037	1036.99	60.97	5	495	0	0	0	0	0
1038	1037.99	28.42	3	297	0	0	0	0	0
1039	1038.99	29.65	2	198	0	0	0	0	0
1040	1039.99	30.34	2	198	0	0	0	0	0
1041	1040.99	28.19	2	198	0	0	0	0	0
1042	1041.99	27.23	2	198	0	0	0	0	0
1043	1042.99	34.37	3	297	0	0	0	0	0
1044	1043.99	25.29	3	297	0	0	0	0	0
1045	1044.99	19.84	3	297	0	0	0	0	0
1046	1045.99	19.36	3	297	0	0	0	0	0
1047	1046.99	24.42	3	297	0	0	0	0	0
1048	1047.99	25.28	3	297	0	0	0	0	0
1049	1048.99	28.38	2	198	0	0	0	0	0
1050	1049.99	26.34	2	198	0	0	0	0	0
1051	1050.99	26.11	4	396	0	0	0	0	0
1052	1051.99	26.05	4	396	0	0	0	0	0
1053	1052.99	25.4	4	396	0	0	0	0	0
1054	1053.99	22.81	4	396	0	0	0	0	0
1055	1054.99	24.41	4	396	0	0	0	0	0
1056	1055.99	24.57	3	297	0	0	0	0	0
1057	1056.99	31.1	3	297	0	0	0	0	0
1058	1057.99	24.89	3	297	0	0	0	0	0
1059	1058.99	24.87	4	396	0	0	0	0	0
1060	1059.99	25.45	4	396	0	0	0	0	0
1061	1060.99	20.53	4	396	0	0	0	0	0
1062	1061.99	18.33	6	594	0	0	0	0	0
1063	1062.99	29.97	8	792	0	0	0	0	0
1064	1063.99	27.38	10	990	0	0	0	0	0
1065	1064.99	35.59	10	990	0	0	0	0	0
1066	1065.99	45.13	10	990	0	0	0	0	0
1067	1066.99	31	2	198	0	0	0	0	0
1068	1067.99	32.5	3	297	0	0	0	0	0
1069	1068.99	32.26	3	297	0	0	0	0	0
1070	1069.99	32.4	3	297	0	0	0	0	0
1071	1070.99	31	2	198	0	0	0	0	0
1072	1071.99	34.82	2	198	0	0	0	0	0
1073	1072.99	33	3	297	0	0	0	0	0
1074	1073.99	30	2	198	0	0	0	0	0
1075	1074.99	31	3	297	0	0	0	0	0
1076	1075.99	33	3	297	0	0	0	0	0
1077	1076.99	34.15	2	198	0	0	0	0	0
1078	1077.99	33	3	297	0	0	0	0	0
1079	1078.99	32	2	198	0	0	0	0	0
1080	1079.99	31.19	4	396	0	0	0	0	0
1081	1080.99	29.6	5	495	0	0	0	0	0
1082	1081.99	27	7	693	0	0	0	0	0
1083	1082.99	25	5	495	0	0	0	0	0
1084	1083.99	24	4	396	0	0	0	0	0
1085	1084.99	23	5	495	0	0	0	0	0
1086	1085.99	21	6	594	0	0	0	0	0
1087	1086.99	20	8	792	0	0	0	0	0
1088	1087.99	19.22	8	792	0	0	0	0	0
1089	1088.99	18.53	7	693	0	0	0	0	0
1090	1089.99	18.21	8	792	0	0	0	0	0
1091	1090.99	17	8	792	0	0	0	0	0
1092	1091.99	16	8	792	0	0	0	0	0
1093	1092.99	17	8	792	0	0	0	0	0
1094	1093.99	16.47	7	693	0	0	0	0	0
1095	1094.99	15.57	7	693	0	0	0	0	0
1096	1095.99	29.73	6	594	0	0	0	0	0
1097	1096.99	20.52	6	594	0	0	0	0	0
1098	1097.99	26.3	6	594	0	0	0	0	0
1099	1098.99	22.07	6	594	0	0	0	0	0
1100	1099.99	24.66	6	594	0	0	0	0	0
1101	1100.99	22.59	7	693	0	0	0	0	0
1102	1101.99	22.1	7	693	0	0	0	0	0
1103	1102.99	22.56	8	792	0	0	0	0	0
1104	1103.99	29.93	8	792	0	0	0	0	0
1105	1104.99	27.62	8	792	0	0	0	0	0
1106	1105.99	23	8	792	0	0	0	0	0
1107	1106.99	22.24	8	792	0	0	0	0	0
1108	1107.99	23.78	7	693	0	0	0	0	0
1109	1108.99	23.03	7	693	0	0	0	0	0
1110	1109.99	24.1	7	693	0	0	0	0	0
1111	1110.99	25.39	7	693	0	0	0	0	0
1112	1111.99	24.69	7	693	0	0	0	0	0
1113	1112.99	19.93	6	594	0	0	0	0	0
1114	1113.99	19.34	6	594	0	0	0	0	0
1115	1114.99	21.1	6	594	0	0	0	0	0
1116	1115.99	22.28	6	594	0	0	0	0	0
1117	1116.99	22.97	6	594	0	0	0	0	0
1118	1117.99	21.4	6	594	0	0	0	0	0
1119	1118.99	15.47	6	594	0	0	0	0	0
1120	1119.99	23.41	5	495	0	0	0	0	0
1121	1120.99	23.31	5	495	0	0	0	0	0
1122	1121.99	22.52	5	495	0	0	0	0	0
1123	1122.99	10.72	5	495	0	0	0	0	0
1124	1123.99	16.55	4	396	0	0	0	0	0
1125	1124.99	15.35	4	396	0	0	0	0	0
1126	1125.99	21.63	4	396	0	0	0	0	0
1127	1126.99	18.65	4	396	0	0	0	0	0
1128	1127.99	18.71	4	396	0	0	0	0	0
1129	1128.99	23.05	4	396	0	0	0	0	0
1130	1129.99	22.16	4	396	0	0	0	0	0
1131	1130.99	22.32	3	297	0	0	0	0	0
1132	1131.99	24.76	4	396	0	0	0	0	0
1133	1132.99	23.21	4	396	0	0	0	0	0
1134	1133.99	18.22	4	396	0	0	0	0	0
1135	1134.99	18.42	4	396	0	0	0	0	0
1136	1135.99	20.49	4	396	0	0	0	0	0
1137	1136.99	22.5	4	396	0	0	0	0	0
1138	1137.99	12.01	4	396	0	0	0	0	0
1139	1138.99	19.11	4	396	0	0	0	0	0
1140	1139.99	18.53	4	396	0	0	0	0	0
1141	1140.99	17.96	4	396	0	0	0	0	0
1142	1141.99	23.89	5	495	0	0	0	0	0
1143	1142.99	24.54	5	495	0	0	0	0	0
1144	1143.99	27.34	5	495	0	0	0	0	0
1145	1144.99	24.09	5	495	0	0	0	0	0
1146	1145.99	23.93	5	495	0	0	0	0	0
1147	1146.99	24.01	5	495	0	0	0	0	0
1148	1147.99	24.44	6	594	0	0	0	0	0
1149	1148.99	25.63	6	594	0	0	0	0	0
1150	1149.99	23.4	6	594	0	0	0	0	0
1151	1150.99	24.97	6	594	0	0	0	0	0
1152	1151.99	17.85	6	594	0	0	0	0	0
1153	1152.99	23.74	6	594	0	0	0	0	0
1154	1153.99	27.61	7	693	0	0	0	0	0
1155	1154.99	22.5	7	693	0	0	0	0	0
1156	1155.99	19.39	7	693	0	0	0	0	0
1157	1156.99	23.85	7	693	0	0	0	0	0
1158	1157.99	19.79	7	693	0	0	0	0	0
1159	1158.99	18.69	7	693	0	0	0	0	0
1160	1159.99	17.7	7	693	0	0	0	0	0
1161	1160.99	19.91	7	693	0	0	0	0	0
1162	1161.99	16.9	7	693	0	0	0	0	0
1163	1162.99	11.37	7	693	0	0	0	0	0
1164	1163.99	12.69	7	693	0	0	0	0	0
1165	1164.99	19.74	6	594	0	0	0	0	0
1166	1165.99	17.22	6	594	0	0	0	0	0
1167	1166.99	20.19	6	594	0	0	0	0	0
1168	1167.99	24.96	6	594	0	0	0	0	0
1169	1168.99	34.28	5	495	0	0	0	0	0
1170	1169.99	29.38	5	495	0	0	0	0	0
1171	1170.99	23.62	5	495	0	0	0	0	0
1172	1171.99	31.08	5	495	0	0	0	0	0
1173	1172.99	30.73	4	396	0	0	0	0	0
1174	1173.99	26.59	4	396	0	0	0	0	0
1175	1174.99	22.81	4	396	0	0	0	0	0
1176	1175.99	21.11	3	297	0	0	0	0	0
1177	1176.99	15.86	3	297	0	0	0	0	0
1178	1177.99	19.64	4	396	0	0	0	0	0
1179	1178.99	10.95	3	297	0	0	0	0	0
1180	1179.99	2.51	3	297	0	0	0	0	0
1181	1180.99	49.84	3	297	0	0	0	0	0
1182	1181.99	28.43	4	396	0	0	0	0	0
1183	1182.99	29.82	4	396	0	0	0	0	0
1184	1183.99	23.76	4	396	0	0	0	0	0
1185	1184.99	23.88	4	396	0	0	0	0	0
1186	1185.99	23.03	4	396	0	0	0	0	0
1187	1186.99	24.62	4	396	0	0	0	0	0
1188	1187.99	26.62	4	396	0	0	0	0	0
1189	1188.99	25.97	4	396	0	0	0	0	0
1190	1189.99	26.39	5	495	0	0	0	0	0
1191	1190.99	26.61	5	495	0	0	0	0	0
1192	1191.99	22.5	5	495	0	0	0	0	0
1193	1192.99	22.81	5	495	0	0	0	0	0
1194	1193.99	23.24	5	495	0	0	0	0	0
1195	1194.99	22.75	6	594	0	0	0	0	0
1196	1195.99	22.3	6	594	0	0	0	0	0
1197	1196.99	22.92	6	594	0	0	0	0	0
1198	1197.99	19.39	5	495	0	0	0	0	0
1199	1198.99	20.36	5	495	0	0	0	0	0
1200	1199.99	23.77	5	495	0	0	0	0	0
1201	1200.99	24.93	5	495	0	0	0	0	0
1202	1201.99	23.9	4	396	0	0	0	0	0
1203	1202.99	23.27	4	396	0	0	0	0	0
1204	1203.99	22.1	3	297	0	0	0	0	0
1205	1204.99	21.1	3	297	0	0	0	0	0
1206	1205.99	26.3	3	297	0	0	0	0	0
1207	1206.99	26.9	3	297	0	0	0	0	0
1208	1207.99	15.2	2	198	0	0	0	0	0
1209	1208.99	45.3	2	198	0	0	0	0	0
1210	1209.99	26	2	198	0	0	0	0	0
1211	1210.99	23.6	3	297	0	0	0	0	0
1212	1211.99	23.86	3	297	0	0	0	0	0
1213	1212.99	25.67	3	297	0	0	0	0	0
1214	1213.99	24.38	3	297	0	0	0	0	0
1215	1214.99	26.37	5	495	0	0	0	0	0
1216	1215.99	23.49	5	495	0	0	0	0	0
1217	1216.99	32.77	5	495	0	0	0	0	0
1218	1217.99	31.32	5	495	0	0	0	0	0
1219	1218.99	25.37	5	495	0	0	0	0	0
1220	1219.99	23.62	5	495	0	0	0	0	0
1221	1220.99	21.79	5	495	0	0	0	0	0
1222	1221.99	22.03	5	495	0	0	0	0	0
1223	1222.99	22.26	6	594	0	0	0	0	0
1224	1223.99	19.33	6	594	0	0	0	0	0
1225	1224.99	19.09	6	594	0	0	0	0	0
1226	1225.99	18.92	7	693	0	0	0	0	0
1227	1226.99	20.26	7	693	0	0	0	0	0
1228	1227.99	22.28	7	693	0	0	0	0	0
1229	1228.99	21.85	7	693	0	0	0	0	0
1230	1229.99	14.13	7	693	0	0	0	0	0
1231	1230.99	21.67	8	792	0	0	0	0	0
1232	1231.99	21.3	8	792	0	0	0	0	0
1233	1232.99	21.98	8	792	0	0	0	0	0
1234	1233.99	22.69	9	891	0	0	0	0	0
1235	1234.99	22.63	9	891	0	0	0	0	0
1236	1235.99	32.47	8	792	0	0	0	0	0
1237	1236.99	12.58	8	792	0	0	0	0	0
1238	1237.99	17.09	7	693	0	0	0	0	0
1239	1238.99	26.49	7	693	0	0	0	0	0
1240	1239.99	22.1	7	693	0	0	0	0	0
1241	1240.99	22.3	8	792	0	0	0	0	0
1242	1241.99	18.64	8	792	0	0	0	0	0
1243	1242.99	18.62	8	792	0	0	0	0	0
1244	1243.99	19.49	8	792	0	0	0	0	0
1245	1244.99	20.11	7	693	0	0	0	0	0
1246	1245.99	21.64	7	693	0	0	0	0	0
1247	1246.99	7.91	7	693	0	0	0	0	0
1248    1247.99 7.91    8.36    33      5       394     459     93      95			2	198	0	0	0	0	0
1249	1248.9	22	2	198	0	0	0	0	0
1250	1249.9	19	2	198	0	0	0	0	0
1251	1250.9	21.05	3	297	0	0	0	0	0
1252	1251.9	20.78	3	297	0	0	0	0	0
1253	1252.9	22.78	3	297	0	0	0	0	0
1254	1253.9	22.22	3	297	0	0	0	0	0
1255	1254.9	21	2	198	0	0	0	0	0
1256	1255.9	20	2	198	0	0	0	0	0
1257	1256.9	19	3	297	0	0	0	0	0
1258	1257.9	21	2	198	0	0	0	0	0
1259	1258.9	20	3	297	0	0	0	0	0
1260	1259.9	19	2	198	0	0	0	0	0
1261	1260.9	20	3	297	0	0	0	0	0
1262	1261.9	19.09	2	198	0	0	0	0	0
1263	1262.9	20.34	3	297	0	0	0	0	0
1264	1263.9	20.67	2	198	0	0	0	0	0
1265	1264.9	19	3	297	0	0	0	0	0
1266	1265.9	19.17	2	198	0	0	0	0	0
1267	1266.9	20.1	3	297	0	0	0	0	0
1268	1267.9	22	3	297	0	0	0	0	0
1269	1268.9	23.9	4	396	0	0	0	0	0
1270	1269.9	25.8	5	495	0	0	0	0	0
1271	1270.9	27.7	8	792	0	0	0	0	0
1272	1271.9	29.6	9	891	0	0	0	0	0
1273	1272.9	31.5	11	1089	0	0	0	0	0
1274	1273.9	33.4	12	1188	0	0	0	0	0
1275	1274.9	32	13	1287	0	0	0	0	0
1276	1275.9	33	12	1188	0	0	0	0	0
1277	1276.9	31	13	1287	0	0	0	0	0
1278	1277.9	30	14	1386	0	0	0	0	0
1279	1278.9	32	13	1287	0	0	0	0	0
1280	1279.9	30	16	1584	0	0	0	0	0
1281	1280.9	31	18	1782	0	0	0	0	0
1282	1281.9	29.5	20	1980	0	0	0	0	0
1283	1282.9	28	23	2277	0	0	0	0	0
1284	1283.9	23.32	24	2376	0	0	0	0	0
1285	1284.9	22	27	2673	0	0	0	0	0
1286	1285.9	22.7	29	2871	0	0	0	0	0
1287	1286.9	23.34	30	2970	0	0	0	0	0
1288	1287.9	24.85	33	3267	0	0	0	0	0
1289	1288.9	25	33	3267	0	0	0	0	0
1290	1289.9	23.17	31	3069	0	0	0	0	0
1291	1290.9	23.32	32	3168	0	0	0	0	0
1292	1291.9	22	25	2475	0	0	0	0	0
1293	1292.9	21	23	2277	0	0	0	0	0
1294	1293.9	20	22	2178	0	0	0	0	0
1295	1294.9	21	21	2079	0	0	0	0	0
1296	1295.9	22	23	2277	0	0	0	0	0
1297	1296.9	23	24	2376	0	0	0	0	0
1298	1297.9	24	26	2574	0	0	0	0	0
1299	1298.9	22	29	2871	0	0	0	0	0
1300	1299.9	20	31	3069	0	0	0	0	0
1301	1300.9	22.5	33	3267	0	0	0	0	0
1302	1301.9	21.96	36	3564	0	0	0	0	0
1303	1302.9	21.31	38	3762	0	0	0	0	0
1304	1303.9	22.53	40	3960	0	0	0	0	0
1305	1304.9	23.82	67	6633	0	0	0	0	0
1306	1305.9	21	67	6633	0	0	0	0	0
1307	1306.9	21.54	67	6633	0	0	0	0	0
1308	1307.9	20.06	62	6138	0	0	0	0	0
1309	1308.9	18	59	5841	0	0	0	0	0
1310	1309.9	17.05	56	5544	0	0	0	0	0
1311	1310.9	15.61	53	5247	0	0	0	0	0
1312	1311.9	16.05	50	4950	0	0	0	0	0
1313	1312.9	17.25	49	4851	0	0	0	0	0
1314	1313.9	16.78	51	5049	0	0	0	0	0
1315	1314.9	18.5	52	5148	0	0	0	0	0
1316	1315.9	20.32	49	4851	0	0	0	0	0
1317	1316.9	22	46	4554	0	0	0	0	0
1318	1317.9	21	43	4257	0	0	0	0	0
1319	1318.9	22.09	40	3960	0	0	0	0	0
1320	1319.9	20	37	3663	0	0	0	0	0
1321	1320.9	23	34	3366	0	0	0	0	0
1322	1321.9	22	31	3069	0	0	0	0	0
1323	1322.9	21	28	2772	0	0	0	0	0
1324	1323.9	20	25	2475	0	0	0	0	0
1325	1324.9	21.59	22	2178	0	0	0	0	0
1326	1325.9	21.75	21	2079	0	0	0	0	0
1327	1326.9	20	20	1980	0	0	0	0	0
1328	1327.9	18.5	19	1881	0	0	0	0	0
1329	1328.9	19.54	18	1782	0	0	0	0	0
1330	1329.9	17.6	17	1683	0	0	0	0	0
1331	1330.9	19.6	16	1584	0	0	0	0	0
1332	1331.9	21.99	15	1485	0	0	0	0	0
1333	1332.9	23.67	14	1386	0	0	0	0	0
1334	1333.9	19.26	13	1287	0	0	0	0	0
1335	1334.9	22.37	12	1188	0	0	0	0	0
1336	1335.9	21.4	11	1089	0	0	0	0	0
1337	1336.9	20.85	10	990	0	0	0	0	0
1338	1337.9	19.38	9	891	0	0	0	0	0
1339	1338.9	20.14	8	792	0	0	0	0	0
1340	1339.9	20.3	7	693	0	0	0	0	0
1341	1340.9	23.1	8	792	0	0	0	0	0
1342	1341.9	24.37	9	891	0	0	0	0	0
1343	1342.9	23.56	7	693	0	0	0	0	0
1344	1343.9	25	5	495	0	0	0	0	0
1345	1344.9	24	6	594	0	0	0	0	0
1346	1345.9	22	7	693	0	0	0	0	0
1347	1346.9	21	6	594	0	0	0	0	0
1348	1347.9	20	5	495	0	0	0	0	0
1349	1348.9	18.6	6	594	0	0	0	0	0
1350	1349.9	18.9	7	693	0	0	0	0	0
1351	1350.9	18.99	8	792	0	0	0	0	0
1352	1351.9	20.1	7	693	0	0	0	0	0
1353	1352.9	22.04	5	495	0	0	0	0	0
1354	1353.9	22	6	594	0	0	0	0	0
1355	1354.9	21.23	6	594	0	0	0	0	0
1356	1355.9	20.07	7	693	0	0	0	0	0
1357	1356.9	22.9	6	594	0	0	0	0	0
1358	1357.9	22.56	5	495	0	0	0	0	0
1359	1358.9	21.32	6	594	0	0	0	0	0
1360	1359.9	22.07	8	792	0	0	0	0	0
1361	1360.9	20.97	7	693	0	0	0	0	0
1362	1361.9	21.5	6	594	0	0	0	0	0
1363	1362.9	22.13	5	495	0	0	0	0	0
1364	1363.9	22.13	6	594	0	0	0	0	0
1365	1364.9	23.63	5	495	0	0	0	0	0
1366	1365.9	22.82	6	594	0	0	0	0	0
1367	1366.9	23.97	6	594	0	0	0	0	0
1368	1367.9	22.12	5	495	0	0	0	0	0
1369	1368.9	23.1	6	594	0	0	0	0	0
1370	1369.9	21.96	7	693	0	0	0	0	0
1371	1370.9	21.96	7	693	0	0	0	0	0
1372	1371.9	21.96	7	693	0	0	0	0	0
1373	1372.9	21.96	7	693	0	0	0	0	0
1374	1374.99	45.05	7	693	0	0	0	0	0
1375	1375.99	19.37	7	693	0	0	0	0	0
1376	1376.99	14.84	6	594	0	0	0	0	0
1377	1377.99	6.56	6	594	0	0	0	0	0
1378	1378.99	16.32	6	594	0	0	0	0	0
1379	1379.99	16.62	6	594	0	0	0	0	0
1380	1380.99	22.33	6	594	0	0	0	0	0
1381	1381.99	19.76	5	495	0	0	0	0	0
1382	1382.99	20.02	5	495	0	0	0	0	0
1383	1383.99	25.93	5	495	0	0	0	0	0
1384	1384.99	14.71	5	495	0	0	0	0	0
1385	1385.99	18.54	5	495	0	0	0	0	0
1386	1386.99	18.01	5	495	0	0	0	0	0
1387	1387.99	22.97	5	495	0	0	0	0	0
1388	1388.99	20.12	4	396	0	0	0	0	0
1389	1389.99	26.27	4	396	0	0	0	0	0
1390	1390.99	29.26	4	396	0	0	0	0	0
1391	1391.99	39.14	5	495	0	0	0	0	0
1392	1392.99	32.25	5	495	0	0	0	0	0
1393	1393.99	29.12	5	495	0	0	0	0	0
1394	1394.99	27.18	5	495	0	0	0	0	0
1395	1395.99	29.11	5	495	0	0	0	0	0
1396	1396.99	28.1	5	495	0	0	0	0	0
1397	1397.99	23.63	5	495	0	0	0	0	0
1398	1398.99	20.63	4	396	0	0	0	0	0
1399	1399.99	22.63	4	396	0	0	0	0	0
1400	1400.99	24.73	4	396	0	0	0	0	0
1401	1401.99	23.64	4	396	0	0	0	0	0
1402	1402.99	23.78	4	396	0	0	0	0	0
1403	1403.99	24.07	4	396	0	0	0	0	0
1404	1404.99	23.51	5	495	0	0	0	0	0
1405	1405.99	24.99	5	495	0	0	0	0	0
1406	1406.99	23.1	6	594	0	0	0	0	0
1407	1407.99	16.04	6	594	0	0	0	0	0
1408	1408.99	59.96	6	594	0	0	0	0	0
1409	1409.99	289.22	6	594	0	0	0	0	0
1410	1410.99	22.01	6	594	0	0	0	0	0
1411	1411.99	18.12	5	495	0	0	0	0	0
1412	1412.99	14.76	5	495	0	0	0	0	0
1413	1413.99	6.09	5	495	0	0	0	0	0
1414	1414.99	21.63	5	495	0	0	0	0	0
1415	1415.99	21.02	5	495	0	0	0	0	0
1416	1416.99	29.17	6	594	0	0	0	0	0
1417	1417.99	21.14	6	594	0	0	0	0	0
1418	1418.99	24.09	6	594	0	0	0	0	0
1419	1419.99	22.13	6	594	0	0	0	0	0
1420	1420.99	23.76	6	594	0	0	0	0	0
1421	1421.99	24.04	7	693	0	0	0	0	0
1422	1422.99	24.79	7	693	0	0	0	0	0
1423	1423.99	24.98	7	693	0	0	0	0	0
1424	1424.99	24.33	7	693	0	0	0	0	0
1425	1425.99	25.32	8	792	0	0	0	0	0
1426	1426.99	15.75	8	792	0	0	0	0	0
1427	1427.99	20.72	10	990	0	0	0	0	0
1428	1428.99	24.88	10	990	0	0	0	0	0
1429	1429.99	23.6	10	990	0	0	0	0	0
1430	1430.99	24.59	10	990	0	0	0	0	0
1431	1431.99	23.53	10	990	0	0	0	0	0
1432	1432.99	21.53	11	1089	0	0	0	0	0
1433	1433.99	22.25	11	1089	0	0	0	0	0
1434	1434.99	20.14	11	1089	0	0	0	0	0
1435	1435.99	13.74	11	1089	0	0	0	0	0
1436	1436.99	169.07	12	1188	0	0	0	0	0
1437	1437.99	192.07	12	1188	0	0	0	0	0
1438	1438.99	16.96	12	1188	0	0	0	0	0
1439	1439.99	19.37	12	1188	0	0	0	0	0
1440	1440.99	21.59	12	1188	0	0	0	0	0
1441	1441.99	22.27	10	990	0	0	0	0	0
1442	1442.99	22.26	10	990	0	0	0	0	0
1443	1443.99	22.86	10	990	0	0	0	0	0
1444	1444.99	23.02	10	990	0	0	0	0	0
1445	1445.99	22.42	10	990	0	0	0	0	0
1446	1446.99	21.84	11	1089	0	0	0	0	0
1447	1447.99	21.93	11	1089	0	0	0	0	0
1448	1448.99	22.06	11	1089	0	0	0	0	0
1449	1449.99	20.7	10	990	0	0	0	0	0
1450	1450.99	20.68	10	990	0	0	0	0	0
1451	1451.99	20.71	9	891	0	0	0	0	0
1452	1452.99	19.7	9	891	0	0	0	0	0
1453	1453.99	19.32	9	891	0	0	0	0	0
1454	1454.99	19.37	8	792	0	0	0	0	0
1455	1455.99	17.95	8	792	0	0	0	0	0
1456	1456.99	19.01	8	792	0	0	0	0	0
1457	1457.99	4.02	8	792	0	0	0	0	0
1458	1458.99	0.86	7	693	0	0	0	0	0
1459	1459.99	0.82	7	693	0	0	0	0	0
1460	1460.99	0.77	7	693	0	0	0	0	0
1461	1461.99	1.54	6	594	0	0	0	0	0
1462	1462.99	17.04	6	594	0	0	0	0	0
1463	1463.99	20.72	6	594	0	0	0	0	0
1464	1464.99	17.46	6	594	0	0	0	0	0
1465	1465.99	20.05	6	594	0	0	0	0	0
1466	1466.99	4.49	6	594	0	0	0	0	0
1467	1467.99	14.08	5	495	0	0	0	0	0
1468	1468.99	20.38	5	495	0	0	0	0	0
1469	1469.99	17.34	5	495	0	0	0	0	0
1470	1470.99	16.01	4	396	0	0	0	0	0
1471	1471.99	23.32	4	396	0	0	0	0	0
1472	1472.99	23.17	4	396	0	0	0	0	0
1473	1473.99	22.94	4	396	0	0	0	0	0
1474	1474.99	21.37	4	396	0	0	0	0	0
1475	1475.99	25.02	3	297	0	0	0	0	0
1476	1476.99	22.72	3	297	0	0	0	0	0
1477	1477.99	24.34	3	297	0	0	0	0	0
1478	1478.99	23.71	3	297	0	0	0	0	0
1479	1479.99	21.39	4	396	0	0	0	0	0
1480	1480.99	23.9	4	396	0	0	0	0	0
1481	1481.99	20.64	4	396	0	0	0	0	0
1482	1482.99	21.75	4	396	0	0	0	0	0
1483	1483.99	14.23	4	396	0	0	0	0	0
1484	1481.68	17.92	2	198	0	0	0	0	0
1485	1481.68	17.92	3	297	0	0	0	0	0
1486	1483.24	13.79	3	297	0	0	0	0	0
1487	1485.54	14.27	4	396	0	0	0	0	0
1488	1486.54	16.15	5	495	0	0	0	0	0
1489	1487.54	20.12	4	396	0	0	0	0	0
1490	1488.54	18.53	3	297	0	0	0	0	0
1491	1490.9	11	2	198	0	0	0	0	0
1492	1491.9	10.59	3	297	0	0	0	0	0
1493	1492.9	12	3	297	0	0	0	0	0
1494	1493.9	13	2	198	0	0	0	0	0
1495	1494.9	13.77	3	297	0	0	0	0	0
1496	1495.9	15	2	198	0	0	0	0	0
1497	1496.9	18.99	3	297	0	0	0	0	0
1498	1497.9	17	2	198	0	0	0	0	0
1499	1498.9	18	3	297	0	0	0	0	0
1500	1499.9	17	3	297	0	0	0	0	0
1501	1500.9	16.52	2	198	0	0	0	0	0
1502	1501.9	15	3	297	0	0	0	0	0
1503	1502.9	17.81	2	198	0	0	0	0	0
1504	1503.9	20	3	297	0	0	0	0	0
1505	1504.9	20.85	2	198	0	0	0	0	0
1506	1505.9	18	3	297	0	0	0	0	0
1507	1506.9	17.63	3	297	0	0	0	0	0
1508	1507.9	16.84	2	198	0	0	0	0	0
1509	1508.9	17.34	3	297	0	0	0	0	0
1510	1509.9	17.69	3	297	0	0	0	0	0
1511	1510.9	18.42	2	198	0	0	0	0	0
1512	1511.9	19.86	2	198	0	0	0	0	0
1513	1512.9	16	3	297	0	0	0	0	0
1514	1513.9	15.54	3	297	0	0	0	0	0
1515	1514.9	14	3	297	0	0	0	0	0
1516	1515.9	13.27	3	297	0	0	0	0	0
1517	1516.9	12.75	3	297	0	0	0	0	0
1518	1517.9	14.63	2	198	0	0	0	0	0
1519	1518.9	13	2	198	0	0	0	0	0
1520	1519.9	13	3	297	0	0	0	0	0
1521	1520.9	14	2	198	0	0	0	0	0
1522	1521.9	12	3	297	0	0	0	0	0
1523	1522.9	13	3	297	0	0	0	0	0
1524	1523.9	14	2	198	0	0	0	0	0
1525	1524.9	15.95	2	198	0	0	0	0	0
1526	1525.9	16.42	3	297	0	0	0	0	0
1527	1526.9	15	3	297	0	0	0	0	0
1528	1527.9	17.54	2	198	0	0	0	0	0
1529	1528.9	19	3	297	0	0	0	0	0
1530	1529.9	22	2	198	0	0	0	0	0
1531	1530.9	20.4	3	297	0	0	0	0	0
1532	1531.9	22.97	2	198	0	0	0	0	0
1533	1532.9	20.33	3	297	0	0	0	0	0
1534	1533.9	23.13	2	198	0	0	0	0	0
1535	1534.9	21.52	3	297	0	0	0	0	0
1536	1535.9	19.55	2	198	0	0	0	0	0
1537	1536.9	20.71	3	297	0	0	0	0	0
1538	1537.9	20.38	2	198	0	0	0	0	0
1539	1538.9	19.24	3	297	0	0	0	0	0
1540	1539.9	19.26	2	198	0	0	0	0	0
1541	1540.9	18.01	2	198	0	0	0	0	0
1542	1541.9	20.14	3	297	0	0	0	0	0
1543	1542.9	22	3	297	0	0	0	0	0
1544	1543.9	22.38	2	198	0	0	0	0	0
1545	1544.9	23	3	297	0	0	0	0	0
1546	1545.9	25	3	297	0	0	0	0	0
1547	1546.9	26	2	198	0	0	0	0	0
1548	1547.9	27.1	3	297	0	0	0	0	0
1549	1548.9	23	3	297	0	0	0	0	0
1550	1549.9	24.87	2	198	0	0	0	0	0
1551	1550.9	22.54	2	198	0	0	0	0	0
1552	1551.9	18.88	2	198	0	0	0	0	0
1553	1552.9	18.02	2	198	0	0	0	0	0
1554	1553.9	20.46	2	198	0	0	0	0	0
1555	1554.9	17.9	2	198	0	0	0	0	0
1556	1555.9	17.32	2	198	0	0	0	0	0
1557	1556.9	17.19	3	297	0	0	0	0	0
1558	1557.9	15.17	3	297	0	0	0	0	0
1559	1558.9	14.91	3	297	0	0	0	0	0
1560	1559.9	3.94	3	297	0	0	0	0	0
1561	1560.9	18.99	3	297	0	0	0	0	0
1562	1561.9	17.19	3	297	0	0	0	0	0
1563	1562.9	15.12	3	297	0	0	0	0	0
1564	1563.9	14.6	3	297	0	0	0	0	0
1565	1564.9	17.79	4	396	0	0	0	0	0
1566	1565.9	16.26	4	396	0	0	0	0	0
1567	1566.9	18.92	4	396	0	0	0	0	0
1568	1567.9	15.99	6	594	0	0	0	0	0
1569	1568.9	19.69	9	891	0	0	0	0	0
1570	1569.9	18.22	9	891	0	0	0	0	0
1571	1570.9	19.13	9	891	0	0	0	0	0
1572	1571.9	19.24	9	891	0	0	0	0	0
1573	1572.9	18.66	9	891	0	0	0	0	0
1574	1573.9	17.31	9	891	0	0	0	0	0
1575	1574.9	14.3	9	891	0	0	0	0	0
1576	1575.9	14.02	9	891	0	0	0	0	0
1577	1576.9	13.94	9	891	0	0	0	0	0
1578	1577.9	20.28	9	891	0	0	0	0	0
1579	1578.9	24.7	10	990	0	0	0	0	0
1580	1579.9	17.44	10	990	0	0	0	0	0
1581	1580.9	17.24	10	990	0	0	0	0	0
1582	1581.9	12.61	10	990	0	0	0	0	0
1583	1582.9	17.22	10	990	0	0	0	0	0
1584	1583.9	15.34	10	990	0	0	0	0	0
1585	1584.9	16.43	10	990	0	0	0	0	0
1586	1585.9	15.76	11	1089	0	0	0	0	0
1587	1586.9	15.46	11	1089	0	0	0	0	0
1588	1587.9	13.75	11	1089	0	0	0	0	0
1589	1588.9	14.21	11	1089	0	0	0	0	0
1590	1589.9	12.3	11	1089	0	0	0	0	0
1591	1590.9	13.78	11	1089	0	0	0	0	0
1592	1591.9	14.2	11	1089	0	0	0	0	0
1593	1592.9	13.85	10	990	0	0	0	0	0
1594	1593.9	11.33	10	990	0	0	0	0	0
1595	1594.9	14.86	10	990	0	0	0	0	0
1596	1595.9	16.8	10	990	0	0	0	0	0
1597	1596.9	16.56	8	792	0	0	0	0	0
1598	1597.9	16.55	8	792	0	0	0	0	0
1599	1597.9	16.8	8	792	0	0	0	0	0
1600	1597.9	13.84	8	792	0	0	0	0	0
1601	1600.9	15.61	10	990	0	0	0	0	0
1602	1601.9	15.25	12	1188	0	0	0	0	0
1603	1602.9	13.97	14	1386	0	0	0	0	0
1604	1603.9	13.93	16	1584	0	0	0	0	0
1605	1604.9	2.35	18	1782	0	0	0	0	0
1606	1605.9	2.35	20	1980	0	0	0	0	0
1607	1606.9	2.35	21	2079	0	0	0	0	0
1608	1607.9	2.35	23	2277	0	0	0	0	0
1609	1608.9	13.27	25	2475	0	0	0	0	0
1610	1609.9	13.2	28	2772	0	0	0	0	0
1611	1610.9	27.94	30	2970	0	0	0	0	0
1612	1611.9	25.74	31	3069	0	0	0	0	0
1613	1612.9	19.57	31	3069	0	0	0	0	0
1614	1613.9	20.68	31	3069	0	0	0	0	0
1615	1614.9	21.18	28	2772	0	0	0	0	0
1616	1615.9	21.36	25	2475	0	0	0	0	0
1617	1616.9	21.27	22	2178	0	0	0	0	0
1618	1617.9	21.6	18	1782	0	0	0	0	0
1619	1618.9	21.59	12	1188	0	0	0	0	0
1620	1619.9	21.04	8	792	0	0	0	0	0
1621	1620.9	17.94	5	495	0	0	0	0	0
1622	1621.9	25.17	5	495	0	0	0	0	0
1623	1622.9	15.88	5	495	0	0	0	0	0
1624	1623.9	18.17	5	495	0	0	0	0	0
1625	1624.9	13.62	5	495	0	0	0	0	0
1626	1625.9	12.34	5	495	0	0	0	0	0
1627	1626.9	13.57	5	495	0	0	0	0	0
1628	1627.9	14.06	5	495	0	0	0	0	0
1629	1628.9	12.47	6	594	0	0	0	0	0
1630	1629.9	14.34	6	594	0	0	0	0	0
1631	1630.9	13.77	6	594	0	0	0	0	0
1632	1631.9	13.74	8	792	0	0	0	0	0
1633	1632.9	14.96	8	792	0	0	0	0	0
1634	1633.9	15.75	8	792	0	0	0	0	0
1635	1634.9	12.96	6	594	0	0	0	0	0
1636	1635.9	16.79	6	594	0	0	0	0	0
1637	1635.27	15.2    1        99     0       0       0       0       0
1638	1635.47	12.42   1        99     0       0       0       0       0
1639	163.7	12.36   2        99     0       0       0       0       0


							



