Depth	TVD	ROP	WOB	RPM   Torque  Pump Pres	GPM  Temp In  Temp Out				
464	463.99	23.93	4	117	1	1477	852	95	90
465	464.99	58.58	5	126	1	1470	855	95	90
466	465.99	37.08	4	126	1	1455	855	95	90
467	466.99	70.45	5.75	78	2	1456	715	89	90
468	467.99	40.07	3.5	78	2	1259	494	89	90
469	468.99	42.68	6.3	79	3	1459	495	89	90
470	469.99	30.94	3.62	75	2	1526	510	89	90
471	470.99	11.71	3.17	75	2	1423	508	89	90
472	471.99	14.99	2.06	74	2	1420	507	89	90
473	472.99	12.56	1.23	74	2	1236	480	89	90
474	473.99	14.78	2.94	72	3	1236	473	89	90
475	474.99	32.88	3.88	74	2	1529	491	89	90
476	475.99	28.54	2.34	73	3	687	505	89	90
477	476.99	28.02	3.02	72	3	759	522	89	90
478	477.99	25.54	4.34	73	4	1078	658	89	90
479	478.99	25.62	3.6	80	3	1221	698	89	90
480	479.99	24.62	3.21	80	3	1070	656	90	90
481	480.99	24.19	1.26	80	2	1073	656	90	90
482	481.99	23.56	4.62	76	3	910	657	90	90
483	482.99	23.06	6.81	75	4	859	656	90	90
484	483.99	22.71	5.15	74	4	968	682	90	91
485	484.99	22.32	4.79	74	4	1064	724	90	91
486	485.99	16.93	2.65	72	4	1126	752	90	91
487	486.99	15.52	6.29	73	4	1223	785	90	91
488	487.99	12.62	4.13	92	3	1184	780	90	91
489	488.99	17.44	3.14	90	3	1171	757	90	91
490	489.99	18.36	2.28	91	3	1163	774	91	91
491	490.99	14.22	2.47	63	2	819	538	91	91
492	491.99	88.27	6.03	65	2	802	678	91	91
493	492.99	45.94	4.36	69	4	811	695	91	91
494	493.99	49.52	5.96	78	4	817	658	91	91
495	494.99	96.31	8.95	79	2	823	698	91	92
496	495.99	141.55	2.29	100	3	869	789	91	92
497	496.99	42.3	5.36	106	2	1359	789	91	92
498	497.99	31.15	2.91	103	1	1345	802	91	92
499	498.99	32.58	3.34	102	2	1246	774	91	92
500	499.99	23.7	2.86	103	4	1231	772	91	92
501	500.99	26.31	3.68	97	4	1282	782	91	92
502	501.99	32.64	4.77	100	3	1383	805	91	92
503	502.99	24.24	5.77	99	3	1276	767	92	92
504	503.99	23.49	5.31	100	3	992	673	92	92
505	504.99	24.98	4.69	99	4	946	658	92	92
506	505.99	27.16	4.32	98	4	962	667	92	92
507	506.99	26.17	2.5	100	3	1077	706	92	93
508	507.99	25.12	6.22	99	4	1196	750	92	93
509	508.99	24.57	4.7	99	4	1217	755	92	93
510	509.99	24.51	6.16	97	5	1218	754	92	93
511	510.99	23.18	6.26	100	3	1216	755	92	93
512	511.99	21.02	3.95	98	4	1325	786	92	93
513	512.99	20.67	4.67	99	4	1408	810	92	93
514	513.99	20.72	3.07	100	3	1407	810	92	93
515	514.99	20.17	3.1	99	3	1416	809	92	93
516	515.99	18.73	2.18	100	3	1419	789	92	93
517	516.99	22.9	3.42	98	4	1422	810	92	93
518	517.99	23.76	2.14	99	4	1408	810	92	93
519	518.99	17.87	4.11	102	3	1429	810	92	93
520	519.99	19.94	1.86	102	3	1424	810	92	93
521	520.99	67.82	2.07	102	5	1452	812	92	93
522	521.99	65.53	1.47	100	5	1459	842	92	93
523	522.99	45.42	1.96	78	3	1489	602	92	93
524	523.99	19.33	3.67	100	3	1232	753	92	93
525	524.99	19.1	1.01	100	3	1231	752	92	93
526	525.99	73.83	2.36	102	1	1013	459	92	93
527	526.99	23.31	2.86	90	3	1458	677	92	93
528	527.99	29.1	4.14	100	4	1038	752	92	93
529	528.99	27.95	4.46	100	4	1054	751	92	93
530	529.99	28.29	6.5	98	5	1057	751	92	93
531	530.99	24.09	8.46	96	6	1067	752	92	93
532	531.99	20.04	8.09	95	6	1078	752	92	93
533	532.99	24.61	9.75	95	7	1096	757	92	93
534	533.99	30.63	9.28	97	5	1172	782	92	93
535	534.99	24.11	5.36	90	8	1102	761	92	93
536	535.99	18.94	2.58	106	4	910	679	92	93
537	536.99	12.68	1.59	105	4	910	680	92	93
538	537.99	14.73	2.48	105	4	919	680	92	93
539	538.99	21.98	4.63	105	4	920	680	92	93
540	539.99	24.5	2.96	105	4	923	680	92	93
541	540.99	22.77	5.22	105	4	922	679	91	92
542	541.99	22.33	4.29	105	4	928	679	91	92
543	542.99	19.5	3.65	105	5	928	679	91	92
544	543.99	23.37	5.64	105	4	936	679	91	92
545	544.99	23.09	5.6	105	4	935	681	91	92
546	545.99	17.37	3.92	105	4	916	677	91	92
547	546.99	18.15	2.42	105	3	912	676	91	92
548	547.99	20.57	4.26	105	4	921	679	91	92
549	548.99	20.06	4.36	105	3	945	682	91	92
550	549.99	47.16	3.42	105	4	950	682	91	92
551	550.99	11.8	2.31	103	5	471	340	91	92
552	551.99	8.28	1.02	96	5	478	340	91	92
553	552.99	86.87	1.51	100	2	873	616	91	93
554	553.99	31.62	2.42	107	4	1000	695	92	93
555	554.99	12.14	3.69	104	3	936	667	92	93
556	555.99	31.43	4.91	104	3	902	657	92	93
557	556.99	17.63	5.7	104	3	916	660	92	93
558	557.99	25.07	4.91	104	3	910	658	92	93
559	558.99	19.54	5.17	104	3	919	658	92	93
560	559.99	9.86	4.41	104	3	914	658	92	93
561	560.99	11.52	4.78	104	3	913	658	92	93
562	561.99	12.82	3.91	104	3	908	658	92	93
563	562.99	20.33	5.4	104	3	805	659	92	93
564	563.99	20.4	5.53	104	4	783	658	92	93
565	564.99	21.57	4.36	104	3	768	658	92	93
566	565.99	28.46	5.89	104	3	784	661	92	93
567	566.99	24.38	5.57	104	3	816	674	92	93
568	567.99	22.96	6.87	104	4	819	678	92	93
569	568.99	15.76	8.1	104	4	826	679	92	94
570	569.99	20.86	6.97	104	4	837	679	92	94
571	570.99	20.1	9.65	104	4	842	680	92	94
572	571.99	17.63	9.12	104	4	846	679	92	94
573	572.99	17.18	7.14	104	4	860	679	92	94
574	573.99	18.07	9.69	104	4	866	679	92	94
575	574.99	26.79	11.09	93	4	801	611	92	94
576	575.99	24.14	12.27	52	2	447	365	92	94
577	576.99	22.03	12.15	104	4	902	679	92	94
578	577.99	35.11	9.55	104	4	713	589	92	94
579	578.99	30.03	13.3	104	4	708	589	92	94
580	579.99	15.29	2.74	73	2	497	412	92	94
581	580.99	29.55	5.07	105	3	782	608	92	94
582	581.99	25.83	7.52	105	3	835	625	92	94
583	582.99	24.06	7.77	105	4	830	626	92	94
584	583.99	18.26	5.79	105	4	875	642	92	94
585	584.99	18.66	6.84	104	4	905	659	92	94
586	585.99	22.44	7.16	104	4	918	661	92	94
587	586.99	25.81	11.85	104	4	927	661	91	94
588	587.99	18.89	6.79	104	4	930	660	91	94
589	588.99	19.16	8.64	104	4	930	660	91	94
590	589.99	23.68	11.46	104	5	933	660	91	94
591	590.99	14.17	3.41	104	4	941	660	91	94
592	591.99	13.12	5.33	104	4	918	654	91	94
593	592.99	21.89	5.66	106	4	800	601	91	94
594	593.99	15.82	4.47	105	4	838	616	91	94
595	594.99	17.75	6.37	104	4	861	627	91	94
596	595.99	18.05	7.79	104	4	903	627	91	94
597	596.99	20.38	6.67	104	4	909	627	91	94
598	597.99	20.26	5.72	104	4	895	627	91	94
599	598.99	23.04	7.6	104	5	906	627	91	94
600	599.99	22.04	6.59	104	4	915	627	91	94
601	600.99	25.5	6.28	104	5	918	627	91	94
602	601.99	28.93	10.6	104	4	910	627	92	94
603	602.99	30.75	6.65	105	5	920	627	92	94
604	603.99	24.01	8.16	105	5	922	627	92	94
605	604.99	22.86	10.77	105	4	913	627	92	94
606	605.99	30.24	10.26	105	5	918	627	92	94
607	606.99	30.19	7.92	105	4	858	598	92	94
608	607.99	56.28	3.27	94	2	561	450	92	94
609	608.99	20.24	9.36	95	3	752	564	92	94
610	609.99	21.23	8.38	105	4	852	627	92	94
611	610.99	25.83	4.11	105	4	857	627	91	93
612	611.99	28.18	8.67	105	5	872	627	91	93
613	612.99	30.37	7.91	105	5	880	627	91	93
614	613.99	27.83	8.01	105	5	883	627	91	93
615	614.99	28.16	10.33	105	5	905	627	91	93
616	615.99	21.78	10	105	5	920	627	91	93
617	616.99	22.06	8.62	105	5	927	627	91	93
618	617.99	23.78	12.9	105	5	894	631	91	93
619	618.99	23.71	10.3	106	4	934	647	91	93
620	619.99	25.46	9.42	105	4	872	647	91	93
621	620.99	56.57	8.39	105	5	848	647	91	93
622	621.99	26.44	6.02	105	4	863	647	91	93
623	622.99	21.39	7.04	105	4	871	647	91	93
624	623.99	23	8.75	105	5	876	647	91	93
625	624.99	23.14	8.88	105	4	882	647	91	93
626	625.99	24.62	8.87	105	4	888	647	91	93
627	626.99	21.41	9.74	105	4	893	647	91	93
628	627.99	22.4	6.34	105	4	893	647	91	93
629	628.99	22.15	7.5	105	5	901	647	91	93
630	629.99	22.15	9.44	105	5	903	647	91	93
631	630.99	25.33	5.61	105	4	919	647	91	93
632	631.99	20.29	8.41	105	5	919	647	91	93
633	632.99	20.66	5.16	105	4	925	647	91	93
634	633.99	17.27	12.89	63	2	570	417	91	93
635	634.99	28.54	3.62	106	3	946	641	91	93
636	635.99	25.52	7.26	106	4	946	627	91	93
637	636.99	23.96	7.67	106	4	855	609	91	93
638	637.99	22.16	2.21	106	3	785	598	91	93
639	638.99	34.09	3.78	106	4	779	598	91	93
640	639.99	14.71	9.3	106	4	631	531	91	93
641	640.99	21.89	3.96	106	4	650	529	91	93
642	641.99	18.87	2.49	106	5	656	530	91	93
643	642.99	17.67	6.2	106	4	656	529	91	93
644	643.99	15.57	3.41	106	4	653	529	91	93
645	644.99	28.77	9.9	106	5	663	529	91	93
646	645.99	23.97	9.9	106	5	669	529	91	93
647	646.99	23.43	9.63	106	5	622	530	91	93
648	647.99	22.83	11.38	106	5	583	529	91	93
649	648.99	19.83	10	106	5	575	530	91	93
650	649.99	20.1	10.1	106	5	566	529	91	93
651	650.99	21.92	9.06	106	5	574	530	91	92
652	651.99	20.47	8.13	106	4	584	529	91	92
653	652.99	21.44	7.74	106	5	581	530	91	92
654	653.99	22.69	7.78	106	5	587	530	91	92
655	654.99	23.78	12.57	106	5	595	529	91	92
656	655.99	22.53	9.36	106	5	602	529	91	92
657	656.99	21.63	10.69	106	5	602	529	91	92
658	657.99	21.92	10.83	106	5	608	529	91	92
659	658.99	24.59	11.07	106	5	601	530	91	92
660	659.99	29.97	11.7	106	6	631	529	91	92
661	660.99	27.07	12.99	106	6	632	530	91	92
662	661.99	19.31	11.66	106	4	648	529	91	92
663	662.99	12.03	1.35	108	3	682	530	91	92
664	663.99	12.36	28.9	105	3	789	256	91	92
665	664.99	23.69	37.72	106	3	780	140	91	92
666	665.99	23.6	38.79	103	4	756	140	91	92
667	666.99	23.6	42.6	102	2	789	140	91	92
668	667.99	52.75	91.83	106	3	784	153	91	92
669	668.99	62.67	27.57	109	2	789	182	91	92
670	669.99	14.53	3.42	105	4	833	609	91	92
671	670.99	8.86	4.33	104	3	843	629	91	92
672	671.99	10.36	4.31	102	3	784	609	91	92
673	672.99	15.27	9.27	101	5	713	574	91	92
674	673.99	11.42	11.07	100	5	670	551	92	92
675	674.99	12.68	12	101	5	654	551	92	92
676	675.99	60.74	26.71	101	0	789	218	92	92
677	676.99	55.87	23.83	100	1	780	255	92	92
678	677.99	14.75	9.93	101	5	660	551	92	92
679	678.99	22.69	10.96	100	6	712	572	92	92
680	679.99	60.53	67.55	105	1	789	231	92	92
681	680.99	62.22	68.88	102	0	780	147	92	92
682	681.99	48.84	19.33	103	0	769	190	92	92
683	682.99	48.84	19.92	102	0	725	190	92	92
684	683.99	45.61	18.54	100	0	698	231	92	92
685	684.99	18.72	13.05	100	6	832	604	92	93
686	685.99	16.04	1.25	102	3	873	616	92	93
687	686.99	17.82	3.65	103	4	911	624	92	93
688	687.99	19.39	6.46	105	4	912	624	92	93
689	688.99	14.18	3.62	104	4	905	624	92	93
690	689.99	15.37	9.06	101	5	876	610	92	93
691	690.99	20.7	7.23	103	4	911	624	92	93
692	691.99	18.54	5.77	103	4	880	622	92	93
693	692.99	17.21	4.44	103	3	867	621	92	93
694	693.99	12.84	4.77	103	4	824	598	92	93
695	694.99	12.46	3.48	103	3	833	598	92	93
696	695.99	16.51	4.82	103	4	830	598	92	93
697	696.99	18.44	5.92	104	4	845	594	92	93
698	697.99	21.85	5.22	104	3	865	587	92	93
699	698.99	23.42	9.17	102	4	862	589	92	93
700	699.99	23.83	6.7	102	5	905	600	92	93
701	700.99	21.86	10.4	102	5	906	601	92	93
702	701.99	20.04	11.87	102	5	928	603	92	93
703	702.99	10.56	12.06	103	4	866	595	92	93
704	703.99	12.03	15.97	103	4	723	551	92	93
705	704.99	21.43	14.91	102	6	738	551	92	93
706	705.99	19.53	14.58	101	5	740	549	92	93
707	706.99	18.37	13.3	101	4	843	559	92	93
708	707.99	19.17	18.06	100	5	871	563	92	93
709	708.99	15.32	17.98	100	5	933	594	92	93
710	709.99	19.4	20.2	99	6	970	624	92	93
711	710.99	15.2	18.52	99	6	915	621	92	93
712	711.99	12.3	17.28	100	5	909	621	92	93
713	712.99	13.99	20.48	99	6	909	621	92	93
714	713.99	16.43	19.98	100	5	910	621	92	93
715	714.99	16.27	21.71	99	6	913	621	92	93
716	715.99	24.56	11.75	90	3	800	589	92	93
717	716.99	22.04	13.37	103	4	722	580	92	93
718	717.99	24.53	15.61	102	5	787	619	92	93
719	718.99	21.29	15.73	102	5	973	681	93	93
720	719.99	23.3	13.53	104	5	1127	727	93	93
721	720.99	21.02	17.8	103	5	1194	746	93	93
722	721.99	22.3	17.88	101	5	1205	764	93	93
723	722.99	19.91	16.38	102	5	1167	741	93	93
724	723.99	36.79	17.44	103	5	1031	684	93	93
725	724.99	16.87	16.93	101	5	1309	787	93	93
726	725.99	16.93	18.17	103	5	884	614	93	93
727	726.99	23.71	15.78	105	5	689	541	93	93
728	727.99	22.46	16.6	105	6	702	540	93	93
729	728.99	23.11	16.15	105	5	712	540	93	93
730	729.99	23.82	14.85	105	6	710	540	93	93
731	730.99	23.66	17.49	105	5	711	540	93	93
732	731.99	23.3	15.96	105	6	815	570	93	93
733	732.99	23.06	22.49	105	6	887	595	93	93
734	733.99	22.81	19.32	105	6	943	612	93	93
735	734.99	21.52	17.22	105	6	940	611	93	93
736	735.99	22.88	20.47	105	6	865	606	93	93
737	736.99	21.55	16.03	105	6	781	575	93	93
738	737.99	19.44	15.42	105	5	863	598	93	93
739	738.99	20.63	17.06	105	5	886	601	93	93
740	739.99	22.01	16.77	105	5	947	603	93	93
741	740.99	24.28	16.7	105	5	964	604	93	93
742	741.99	21.73	13.94	105	6	953	603	93	93
743	742.99	20.54	18.05	105	5	902	601	93	93
744	743.99	21.54	19.6	105	6	895	601	93	93
745	744.99	20.69	18.85	105	6	848	584	93	93
746	745.99	19.72	21.62	105	7	751	562	93	93
747	746.99	19.96	17.17	105	5	771	555	93	93
748	747.99	21.6	18.51	105	5	786	557	93	94
749	748.99	20.34	16.04	105	5	795	557	93	94
750	749.99	18.97	14.38	100	4	726	501	93	94
751	750.99	8.32	4	102	0	150	111	93	94
752	751.99	31.27	5.18	102	0	211	167	93	94
753	752.99	49.57	27.18	103	5	671	497	93	94
754	753.99	32.47	15.98	105	7	725	551	93	94
755	754.99	16.32	1.65	103	1	138	110	93	94
756	755.99	10.24	2	102	2	83	60	93	94
757	756.99	11.04	19.06	105	5	765	555	93	94
758	757.99	13.95	26	103	7	830	589	93	94
759	758.99	16.49	17.85	102	5	882	619	93	94
760	759.99	2.35	20.12	103	7	1292	733	93	94
761	760.99	9.91	23.89	105	7	1330	740	93	94
762	761.99	11.56	24.57	103	6	1248	712	93	94
763	762.99	35.31	12.44	101	5	875	598	93	94
764	763.99	39.89	20.74	105	4	884	598	93	94
765	764.99	21.73	10.46	105	3	933	598	93	94
766	765.99	38.51	3.6	105	5	886	598	93	94
767	766.99	9.63	3.9	99	4	882	598	93	94
768	767.99	17.46	5.4	105	4	968	601	92	94
769	768.99	19	6.3	105	5	1037	601	92	94
770	769.99	18	7	104	5	1060	601	92	94
771	770.99	16	6.5	93	5	1133	601	92	94
772	771.99	14	8	99	5	1144	601	92	94
773	772.99	13	7.5	104	5	1161	601	92	94
774	773.99	15	6	104	6	1178	601	92	94
775	774.99	17	7	105	5	1347	603	92	94
776	775.99	16	8	106	5	1442	604	92	94
777	776.99	16.08	8.1	106	5	1468	604	92	94
778	777.99	15	7.5	106	6	1376	604	92	94
779	778.99	9.5	6	63	3	853	426	92	95
780	779.99	6.69	17.48	106	5	1470	637	92	95
781	780.99	9.27	19.1	106	4	1727	709	92	95
782	781.99	14.53	15.23	106	4	1829	770	92	95
783	782.99	6.04	18.55	106	5	1719	768	92	95
784	783.99	9.85	14.8	106	4	1932	801	92	95
785	784.99	16.15	16.41	106	4	1961	811	92	95
786	785.99	14.6	17.4	106	5	1983	811	92	95
787	786.99	12.68	20.83	107	5	1994	811	92	95
788	787.99	6.85	20.89	107	6	2061	810	92	95
789	788.99	9.56	21.96	103	5	2152	811	92	95
790	789.99	12.26	21.87	102	6	2166	811	92	95
791	790.99	10.07	18.25	107	5	2177	811	92	95
792	791.99	8.94	19.45	107	6	2181	810	92	95
793	792.99	15.36	19.84	107	5	2175	811	92	95
794	793.99	11.11	22.19	107	5	2199	811	92	95
795	794.99	3.58	18.68	106	5	2206	811	92	95
796	795.99	12.63	23.06	107	6	2231	810	92	95
797	796.99	9.89	22.76	108	6	2059	812	92	95
798	797.99	11.25	24.76	108	5	2063	811	92	95
799	798.99	14.52	21	108	5	2118	811	92	95
800	799.99	21.43	14.1	97	7	1914	730	92	95
801	800.99	58.01	10.12	108	7	1895	746	92	95
802	801.99	143.96	4.07	109	5	1568	659	92	95
803	802.99	58.2	4.72	108	6	1631	673	92	95
804	803.99	21.35	6.36	108	5	1652	676	92	95
805	804.99	11.66	5.09	108	5	1662	676	92	95
806	805.99	10.31	15.3	108	4	1658	677	92	95
807	806.99	9.95	4.33	108	3	1679	679	92	95
808	807.99	17.22	5.27	108	4	1688	679	92	95
809	808.99	16.9	5.72	108	4	1697	679	92	95
810	809.99	11.72	26.57	75	3	1177	475	92	95
811	810.99	14.44	15	86	2	1392	548	92	95
812	811.99	12.63	12	75	2	1226	479	92	95
813	812.99	73.04	13.2	86	2	1360	548	92	95
814	813.99	59.29	8.96	109	5	1828	713	92	95
815	814.99	18.59	10.05	108	5	1779	720	92	95
816	815.99	20.65	8.35	108	5	1788	720	92	95
817	816.99	20.94	9.47	108	5	1784	720	92	95
818	817.99	20.56	8.52	108	5	1793	720	92	95
819	818.99	20.75	10.1	108	5	1825	720	92	95
820	819.99	18.04	8.72	108	5	1807	720	92	95
821	820.99	18	7.53	108	5	1813	720	93	95
822	821.99	21.75	9.01	108	5	1836	720	93	95
823	822.99	21.97	8.72	108	5	1840	720	93	95
824	823.99	22.09	12.39	108	6	1837	720	93	95
825	824.99	22.71	10.01	108	5	1858	720	93	95
826	825.99	17.4	10.05	108	5	1865	720	93	95
827	826.99	17.83	8.44	108	5	1870	720	93	95
828	827.99	19.94	10.71	108	5	1919	720	93	95
829	828.99	21.17	8.68	108	5	1923	720	93	95
830	829.99	20.55	9.77	108	5	1902	720	93	95
831	830.99	20.68	11.34	108	5	1893	720	93	95
832	831.99	19.63	9.17	108	5	1893	720	93	95
833	832.99	20.19	10.22	108	5	1880	720	93	95
834	833.99	21	9.76	108	5	1901	720	93	95
835	834.99	19.3	10.4	108	5	1934	720	93	95
836	835.99	23.08	16.41	108	6	1917	720	93	95
837	836.99	19.44	14.81	108	6	1902	720	93	95
838	837.99	23.6	13.3	108	5	1872	720	93	95
839	838.99	24.64	13.28	108	6	1857	720	93	95
840	839.99	23.15	2.65	108	4	1762	720	93	95
841	840.99	20.81	8.99	108	4	1586	720	93	95
842	841.99	21.12	10.08	108	4	1565	720	93	95
843	842.99	22.23	11.71	108	4	1575	720	93	95
844	843.99	23.96	10.46	108	4	1610	720	93	95
845	844.99	22.47	10.41	108	4	1660	720	93	95
846	845.99	23.14	12.21	108	4	1737	720	93	95
847	846.99	21.96	8.21	108	4	1788	720	93	95
848	847.99	15.2	7.59	107	4	1469	630	93	95
849	848.99	20.61	6.67	107	4	1402	613	93	95
850	849.99	22.65	6.61	107	4	1576	648	93	95
851	850.99	22.25	9.62	107	4	1678	667	93	95
852	851.99	30.2	9.43	107	4	1708	668	93	95
853	852.99	28.71	8.06	107	4	1881	709	93	95
854	853.99	23.73	9.97	107	4	1826	717	93	95
855	854.99	26.15	6.82	107	4	1734	717	93	95
856	855.99	24.93	12.37	107	4	1724	717	93	95
857	856.99	22.38	7.02	107	3	1808	717	93	95
858	857.99	19.24	8.28	107	4	1824	717	93	95
859	858.99	26.2	7.38	107	3	1822	710	93	95
860	859.99	25.76	6.26	107	4	1467	632	93	95
861	860.99	22	4.91	108	3	1412	621	93	95
862	861.99	22.74	6.87	108	3	1654	656	93	95
863	862.99	23.61	5.58	107	3	1845	691	93	95
864	863.99	23.33	4.9	107	3	1872	695	93	95
865	864.99	16.26	5.32	107	3	1877	697	93	95
866	865.99	21.62	4.36	92	3	1619	621	93	95
867	866.99	28.29	4.76	108	4	2012	720	93	95
868	867.99	23.72	5.4	108	6	2024	720	93	95
869	868.99	20.5	6.49	108	6	2032	720	93	95
870	869.99	21.37	4.29	108	4	2050	720	93	95
871	870.99	21.55	6.79	108	3	2049	719	93	95
872	871.99	35.48	5.91	108	4	1999	720	93	95
873	872.99	22.46	4.92	107	4	1655	636	93	95
874	873.99	20.01	5.12	107	3	1531	612	93	95
875	874.99	35.39	3.52	108	3	1587	716	93	95
876	875.99	22.42	4.9	107	3	1573	716	93	95
877	876.99	21.68	3	107	3	1576	716	93	95
878	877.99	27.55	3.54	107	4	1580	716	93	95
879	878.99	22.93	3.59	107	4	1580	716	93	95
880	879.99	26.92	3.22	107	4	1567	715	93	95
881	880.99	22.89	4.15	107	3	1557	715	93	95
882	881.99	22.13	7.1	107	4	1564	715	93	95
883	882.99	20.27	4.11	107	6	1558	715	93	95
884	883.99	20.8	5.8	107	7	1559	715	93	95
885	884.99	20.44	6.86	107	9	1559	715	93	95
886	885.99	28.72	7.82	107	6	1553	716	93	95
887	886.99	27.55	7.2	107	6	1515	715	93	95
888	887.99	25.09	6.25	107	4	1518	715	93	95
889	888.99	22.15	2.42	107	4	1644	738	93	95
890	889.99	23.52	4.48	107	8	1684	740	93	95
891	890.99	28.46	6.39	107	8	1751	760	93	95
892	891.99	22.78	5.2	107	6	1837	785	93	95
893	892.99	17.94	4	107	5	1476	627	93	95
894	893.99	147.53	5	107	3	1672	703	93	95
895	894.99	20.59	6	108	3	1852	766	93	95
896	895.99	22.29	3	107	4	1647	767	93	95
897	896.99	27.74	4	107	5	1556	769	93	95
898	897.99	26.26	4.11	107	4	1531	768	93	95
899	898.99	26	2.84	107	4	1548	768	93	95
900	899.99	26.56	4.01	107	4	1582	777	93	95
901	900.99	27.55	6.12	107	4	1606	787	93	95
902	901.99	25.19	6.11	107	4	1641	787	93	95
903	902.99	26.11	3.59	107	4	1673	789	93	95
904	903.99	35.22	7.5	107	4	1682	788	93	95
905	904.99	30.77	6.68	107	4	1701	788	93	95
906	905.99	32.16	6.55	107	4	1681	789	93	95
907	906.99	30.98	7.38	107	4	1707	787	93	95
908	907.99	34.17	6.15	107	5	1750	787	93	95
909	908.99	26.25	5.39	107	6	1779	787	93	95
910	909.99	24.4	5.23	107	4	1771	787	93	95
911	910.99	29.14	5	107	4	1788	789	93	95
912	911.99	36.35	6.7	107	4	1785	787	93	95
913	912.99	35.22	6.11	107	4	1772	772	93	95
914	913.99	41.7	6.95	107	5	1774	782	93	95
915	914.99	39.83	5	107	5	1775	777	93	95
916	915.99	35.64	6	107	6	1812	775	93	95
917	916.99	40.96	5	107	5	1810	775	93	95
918	917.99	50.66	6	107	5	1758	775	93	95
919	918.99	38.89	6	107	5	1741	775	93	95
920	919.99	22.16	5	107	3	1133	789	93	95
921	920.99	36.85	5	107	4	952	789	93	95
922	921.99	23.25	3	107	5	1659	789	93	95
923	922.99	17.76	4	107	5	1695	789	93	95
924	923.99	17.08	6.06	108	4	1646	780	93	95
925	924.99	3.73	5	32	3	1500	780	93	95
926	925.99	22	6	107	4	1500	742	93	95
927	926.99	22.98	5	107	5	1496	740	93	95
928	927.99	18.28	5.62	107	4	1064	740	93	95
929	928.99	12.09	5	107	4	1500	740	93	95
930	929.99	0	5	107	4	1500	740	93	95
931	930.99	12.09	5	107	4	1500	740	93	95
932	931.99	12.09	6	107	4	1500	740	93	95
933	932.99	2.23	5	107	4	1500	148	93	95
934	933.99	25.31	5	107	5	1511	740	93	95
935	934.99	24.55	5.65	107	5	1547	743	93	95
936	935.99	23.18	4.93	107	5	1498	741	93	95
937	936.99	23.79	3.02	107	5	1404	738	93	95
938	937.99	21.83	4.02	107	5	1392	737	93	95
939	938.99	22.76	4.71	107	5	1395	737	93	95
940	939.99	23.42	7.08	107	5	1345	717	93	95
941	940.99	24.43	4.07	107	5	1282	691	93	95
942	941.99	24.68	5	107	5	1309	691	93	95
943	942.99	24.73	6.63	107	5	1307	691	93	95
944	943.99	25.7	5.67	107	5	1318	663	93	95
945	944.99	84.27	5	109	5	1318	663	93	95
946	945.99	206.25	6	109	5	1318	663	93	95
947	946.99	86.37	5	109	5	1318	663	93	95
948	947.99	7.48	5	109	5	1318	663	93	95
949	948.99	27.02	4.6	107	5	1305	655	93	95
950	949.99	24.96	4.44	107	5	1343	668	93	95
951	950.99	22.73	4.29	107	10	1370	671	92	94
952	951.99	22.21	6.02	102	8	1057	570	92	94
953	952.99	62.2	8.36	102	7	1023	290	92	94
954	953.99	40.42	6.37	86	5	1129	577	92	94
955	954.99	22.65	4.64	108	6	1255	618	92	94
956	955.99	25.86	5.73	107	6	1253	618	92	94
957	956.99	25.67	5.2	107	6	1260	618	92	94
958	957.99	24.8	5	107	8	1255	618	92	94
959	958.99	24.77	4.99	107	6	1294	634	92	94
960	959.99	26.69	8	107	8	1314	642	92	94
961	960.99	24.79	7.04	107	8	1313	642	92	94
962	961.99	17.18	2.74	107	8	1318	642	92	94
963	962.99	21.18	5	107	8	1265	642	92	94
964	963.99	22.94	6.51	107	9	1266	642	92	94
965	964.99	25.27	8	107	7	1266	642	92	94
966	965.99	20.26	7.14	107	8	1245	642	92	94
967	966.99	21.14	8.66	107	14	1239	642	92	94
968	967.99	21.22	8.54	107	9	1240	642	92	94
969	968.99	25.48	6	74	7	1236	449	92	94
970	969.99	19.86	8	96	9	1111	577	92	94
971	970.99	26.11	6.65	107	6	1246	642	92	94
972	971.99	25.28	7	107	7	1282	642	92	94
973	972.99	22.44	6	107	7	1282	642	92	94
974	973.99	26.24	7.72	107	7	1286	642	92	94
975	974.99	26.14	8	107	7	1280	642	92	94
976	975.99	25.26	7.83	107	5	1259	642	93	94
977	976.99	25.28	6.97	107	5	1254	642	93	94
978	977.99	25.03	5.55	107	5	1250	642	93	94
979	978.99	25.14	6	107	4	1243	642	93	94
980	979.99	19.91	8	85	4	1236	514	93	94
981	980.99	38.78	7	43	5	1256	269	93	95
982	981.99	25.66	6	108	6	1101	694	93	95
983	982.99	22.67	7	108	6	1016	699	93	95
984	983.99	25.56	6	108	6	1048	713	93	95
985	984.99	22.22	7	108	6	1256	691	93	95
986	985.99	22.07	8	109	6	1386	736	93	95
987	986.99	22.03	7	110	6	1516	740	93	95
988	987.99	24.87	6	110	7	1408	717	93	95
989	988.99	26.61	7	110	6	1287	691	93	95
990	989.99	25.46	6	110	7	1266	691	93	95
991	990.99	23.84	5	110	7	1295	691	93	95
992	991.99	26.74	6	110	7	1293	691	93	95
993	992.99	22.11	7	110	5	1302	691	93	95
994	993.99	20.71	8	110	6	1314	691	93	95
995	994.99	20.55	7	110	6	1315	691	93	95
996	995.99	18.37	8	110	6	1301	691	93	95
997	996.99	25.77	7	111	6	1326	691	93	95
998	997.99	33.49	7	111	4	1343	691	93	95
999	998.99	35.26	6	111	4	1331	691	93	95
1000	999.99	32.59	5	111	3	1125	691	93	95
1001	1000.99	18.68	5	109	3	1250	691	93	95
1002	1001.99	20.3	5	108	3	1358	691	93	95
1003	1002.99	20.94	6	108	4	1334	691	93	95
1004	1003.99	24.86	6.93	108	5	1352	691	93	95
1005	1004.99	22.08	5.66	107	5	1353	691	93	95
1006	1005.99	24.2	6.23	107	4	1362	691	93	95
1007	1006.99	20.34	6	107	4	1361	691	93	95
1008	1007.99	23.54	6	107	3	1349	691	93	95
1009	1008.99	19.87	6.5	64	2	1326	414	93	95
1010	1009.99	25.78	6	113	4	1270	618	93	95
1011	1010.99	22.95	6	111	4	1272	618	93	95
1012	1011.99	25.67	6.5	110	5	1260	618	93	95
1013	1012.99	23.75	6.5	111	4	1271	618	93	95
1014	1013.99	26.93	6.5	111	4	1272	618	93	95
1015	1014.99	26.62	5.06	111	4	1273	618	93	95
1016	1015.99	26.34	6.95	111	5	1217	620	93	95
1017	1016.99	26.62	8.86	110	5	1262	621	93	95
1018	1017.99	24.65	5.99	110	5	1265	621	93	95
1019	1018.99	28.21	6	111	5	1272	621	93	95
1020	1019.99	28.73	7.76	110	5	1276	621	93	95
1021	1020.99	27.55	5.99	110	5	1268	621	93	95
1022	1021.99	27.99	7	110	6	1261	621	93	95
1023	1022.99	48.16	7.38	110	5	1272	621	93	95
1024	1023.99	26.16	7	110	5	1266	621	93	95
1025	1024.99	28.44	8.22	110	5	1264	621	93	95
1026	1025.99	31.31	8	110	6	1273	621	93	95
1027	1026.99	19.84	7.1	110	6	1278	621	93	95
1028	1027.99	22.81	8	110	6	1284	621	93	95
1029	1028.99	23.38	7.47	110	5	1268	621	93	95
1030	1029.99	24.63	6	110	5	1282	621	93	95
1031	1030.99	31.42	6	111	4	1297	621	93	95
1032	1031.99	23.12	7	110	5	1280	621	93	95
1033	1032.99	23.83	5.8	110	5	1299	621	93	95
1034	1033.99	24.71	6	109	5	1292	621	93	95
1035	1034.99	26.05	5	110	4	1288	621	93	95
1036	1035.99	32.94	2.36	110	5	1280	621	93	95
1037	1036.99	60.97	2.36	110	6	1115	639	93	95
1038	1037.99	28.42	4.36	110	5	1312	642	93	95
1039	1038.99	29.65	4.74	110	4	1326	642	93	95
1040	1039.99	30.34	3.93	110	4	1340	642	93	95
1041	1040.99	28.19	3.69	110	5	1320	642	93	95
1042	1041.99	27.23	7.04	110	5	1318	637	93	95
1043	1042.99	34.37	6.65	110	5	1304	635	93	95
1044	1043.99	25.29	6.39	110	5	1307	635	93	95
1045	1044.99	19.84	5.46	109	4	1313	634	93	95
1046	1045.99	19.36	5.12	109	5	1317	636	93	95
1047	1046.99	24.42	6.34	109	5	1315	636	93	95
1048	1047.99	25.28	8.37	109	6	1300	635	93	95
1049	1048.99	28.38	9.99	109	6	1296	635	93	95
1050	1049.99	26.34	10.78	109	6	1321	635	93	95
1051	1050.99	26.11	12.92	109	6	1323	635	93	95
1052	1051.99	26.05	13.16	108	7	1319	635	93	95
1053	1052.99	25.4	11.92	109	7	1310	635	93	95
1054	1053.99	22.81	12.14	109	6	1323	635	93	95
1055	1054.99	24.41	12.3	109	7	1313	635	93	95
1056	1055.99	24.57	15.61	109	7	1312	635	93	95
1057	1056.99	31.1	15.94	110	7	1319	633	93	95
1058	1057.99	24.89	19.09	109	8	1316	634	93	95
1059	1058.99	24.87	20.64	109	8	1286	635	93	95
1060	1059.99	25.45	25.18	109	9	1306	634	93	95
1061	1060.99	20.53	22.04	109	9	1304	635	93	95
1062	1061.99	18.33	16.79	108	7	1270	631	93	95
1063	1062.99	29.97	16.77	108	6	1191	627	93	95
1064	1063.99	27.38	14.49	110	5	1182	627	93	95
1065	1064.99	35.59	15.36	110	7	1300	645	93	95
1066	1065.99	45.13	21.3	65	5	693	389	93	95
1067	1066.99	31	10	109	8	970	650	92	94
1068	1067.99	32.5	10	110	5	1274	682	91	94
1069	1068.99	32.26	10	108	4	1400	697	92	94
1070	1069.99	32.4	10	107	4	1400	697	92	94
1071	1070.99	31	10	110	4	1400	697	92	94
1072	1071.99	34.82	10	109	4	1418	694	92	94
1073	1072.99	33	9.99	109	5	1415	695	92	94
1074	1073.99	30	10.94	110	6	1300	662	92	94
1075	1074.99	31	11.09	111	7	1078	629	92	94
1076	1075.99	33	10.57	110	6	1070	596	92	94
1077	1076.99	34.15	11	109	5	1062	563	92	94
1078	1077.99	33	11	108	5	1054	530	92	94
1079	1078.99	32	12	109	5	1046	599	92	94
1080	1079.99	31.19	13	110	6	1038	188	92	94
1081	1080.99	29.6	14.51	109	7	1153	627	92	94
1082	1081.99	27	14.2	108	7	960	580	92	94
1083	1082.99	25	15	109	7	940	575	92	94
1084	1083.99	24	15.04	109	8	928	575	92	94
1085	1084.99	23	15.41	109	8	922	575	92	94
1086	1085.99	21	17.1	109	8	929	575	92	94
1087	1086.99	20	16.99	109	8	899	555	92	94
1088	1087.99	19.22	19.02	109	9	875	551	92	94
1089	1088.99	18.53	18	109	9	869	551	92	94
1090	1089.99	18.21	19.76	109	8	876	551	92	94
1091	1090.99	17	18	109	8	948	563	92	94
1092	1091.99	16	18.86	109	7	1011	578	92	94
1093	1092.99	17	17	110	8	1003	578	92	94
1094	1093.99	16.47	16	109	7	1039	578	92	94
1095	1094.99	15.57	15.89	110	6	1030	578	92	94
1096	1095.99	29.73	5.2	102	3	799	425	92	94
1097	1096.99	20.52	11.66	110	6	1176	626	92	94
1098	1097.99	26.3	15.25	109	6	991	578	92	94
1099	1098.99	22.07	16.88	109	7	920	554	92	94
1100	1099.99	24.66	18.38	109	8	909	554	92	94
1101	1100.99	22.59	19.93	110	8	918	554	92	94
1102	1101.99	22.1	17.97	110	8	912	548	92	94
1103	1102.99	22.56	21.49	110	8	1015	573	92	94
1104	1103.99	29.93	15.69	109	8	885	538	92	94
1105	1104.99	27.62	14.47	109	6	868	522	92	94
1106	1105.99	23	18.09	109	7	859	522	92	94
1107	1106.99	22.24	19.84	109	8	865	522	92	95
1108	1107.99	23.78	20.52	110	8	865	522	92	95
1109	1108.99	23.03	23.07	110	8	871	522	92	95
1110	1109.99	24.1	23.34	110	9	870	522	92	95
1111	1110.99	25.39	22.79	110	9	880	522	92	95
1112	1111.99	24.69	22.76	110	9	882	524	92	95
1113	1112.99	19.93	20.45	110	7	993	549	92	95
1114	1113.99	19.34	22.3	110	7	994	549	92	95
1115	1114.99	21.1	21.59	110	7	943	537	92	95
1116	1115.99	22.28	24.24	110	8	896	522	92	95
1117	1116.99	22.97	23.67	109	8	881	522	92	95
1118	1117.99	21.4	22.83	109	9	881	522	92	95
1119	1118.99	15.47	21.76	110	8	905	523	92	95
1120	1119.99	23.41	23.39	109	8	907	522	92	95
1121	1120.99	23.31	25.53	109	9	886	523	92	95
1122	1121.99	22.52	26.07	109	10	876	523	92	95
1123	1122.99	10.72	23.66	109	8	900	523	92	95
1124	1123.99	16.55	18.85	109	7	896	523	92	95
1125	1124.99	15.35	20.88	109	7	915	523	92	95
1126	1125.99	21.63	16.9	109	6	929	522	92	95
1127	1126.99	18.65	18.41	109	6	1034	557	92	95
1128	1127.99	18.71	19.37	109	7	992	545	92	95
1129	1128.99	23.05	22.15	109	8	914	528	92	95
1130	1129.99	22.16	21.77	109	8	911	528	92	95
1131	1130.99	22.32	20.85	109	8	922	528	92	95
1132	1131.99	24.76	23.69	109	8	915	528	92	95
1133	1132.99	23.21	21.16	110	7	947	528	92	95
1134	1133.99	18.22	18.56	110	7	1010	531	92	95
1135	1134.99	18.42	19.94	110	8	1078	557	92	95
1136	1135.99	20.49	20.54	110	8	1072	557	92	95
1137	1136.99	22.5	24.83	110	8	1097	557	92	95
1138	1137.99	12.01	20.15	110	8	1104	557	92	95
1139	1138.99	19.11	19.29	111	9	1129	575	92	95
1140	1139.99	18.53	18.16	111	8	1092	578	92	95
1141	1140.99	17.96	14.02	110	7	1087	578	92	95
1142	1141.99	23.89	14.09	110	7	1092	578	92	95
1143	1142.99	24.54	13.35	110	6	1095	578	92	95
1144	1143.99	27.34	13.39	110	7	1094	578	92	95
1145	1144.99	24.09	12.41	110	7	1078	578	92	95
1146	1145.99	23.93	14.58	110	7	1098	578	92	95
1147	1146.99	24.01	16.82	110	7	1101	578	92	95
1148	1147.99	24.44	17.95	110	7	1100	578	92	95
1149	1148.99	25.63	13.65	110	7	974	546	92	95
1150	1149.99	23.4	11.13	110	6	923	524	92	95
1151	1150.99	24.97	11.51	109	6	855	505	92	95
1152	1151.99	17.85	7.26	109	6	945	504	92	95
1153	1152.99	23.74	9.82	110	6	974	508	92	95
1154	1153.99	27.61	9.12	109	6	974	511	92	95
1155	1154.99	22.5	14.9	108	7	976	511	92	95
1156	1155.99	19.39	15.51	109	7	1024	522	92	95
1157	1156.99	23.85	17.44	109	8	1050	534	92	95
1158	1157.99	19.79	18.51	110	8	1045	534	92	95
1159	1158.99	18.69	17.8	109	8	1056	534	92	95
1160	1159.99	17.7	17.79	109	8	1046	534	92	95
1161	1160.99	19.91	18.4	109	8	1048	534	92	95
1162	1161.99	16.9	20.14	109	8	1040	534	92	95
1163	1162.99	11.37	14.13	109	7	1016	534	92	95
1164	1163.99	12.69	15.73	110	7	1033	534	92	95
1165	1164.99	19.74	18.32	110	7	1033	534	92	95
1166	1165.99	17.22	17.54	109	7	1203	534	92	95
1167	1166.99	20.19	18.04	110	7	1003	534	92	95
1168	1167.99	24.96	7.79	110	6	1021	534	93	95
1169	1168.99	34.28	5.45	110	5	1041	534	93	95
1170	1169.99	29.38	3.96	108	5	1063	537	93	95
1171	1170.99	23.62	2.48	108	4	1050	537	93	95
1172	1171.99	31.08	2.7	108	4	1059	537	93	95
1173	1172.99	30.73	4.28	108	4	1052	537	93	95
1174	1173.99	26.59	4.33	108	4	1062	537	93	95
1175	1174.99	22.81	7.38	108	5	1051	537	93	95
1176	1175.99	21.11	3.49	108	4	1069	537	93	95
1177	1176.99	15.86	4.92	108	4	1080	537	93	95
1178	1177.99	19.64	7.32	108	5	1084	537	93	95
1179	1178.99	10.95	3.99	65	3	1026	322	93	95
1180	1179.99	2.51	0.18	21	5	1023	107	93	95
1181	1180.99	49.84	18.61	80	2	1036	384	93	95
1182	1181.99	28.43	5.76	113	5	1107	554	93	95
1183	1182.99	29.82	3.14	111	5	1100	554	93	95
1184	1183.99	23.76	2.42	110	5	1121	554	93	95
1185	1184.99	23.88	8.31	110	6	1120	554	93	95
1186	1185.99	23.03	0.79	110	5	1132	554	93	95
1187	1186.99	24.62	0.62	110	5	1128	554	93	95
1188	1187.99	26.62	3.16	110	4	1153	554	93	95
1189	1188.99	25.97	4.96	110	5	1159	554	93	95
1190	1189.99	26.39	4.64	110	5	1146	554	93	95
1191	1190.99	26.61	2.99	110	5	1159	554	93	95
1192	1191.99	22.5	9.4	110	5	1179	554	93	95
1193	1192.99	22.81	7.76	110	6	1175	554	93	95
1194	1193.99	23.24	6.48	110	6	1175	554	93	95
1195	1194.99	22.75	8.91	111	5	1172	554	93	95
1196	1195.99	22.3	6.6	110	5	1172	554	93	95
1197	1196.99	22.92	6.04	110	6	1150	554	93	95
1198	1197.99	19.39	5.39	110	6	1143	554	93	95
1199	1198.99	20.36	6.08	111	6	1132	545	93	95
1200	1199.99	23.77	9.36	111	4	1169	557	93	95
1201	1200.99	24.93	8.36	111	4	1172	557	93	95
1202	1201.99	23.9	8.36	111	5	1178	557	93	95
1203	1202.99	23.27	8.36	110	5	1225	569	93	95
1204	1203.99	22.1	3.63	100	4	1027	464	93	95
1205	1204.99	21.1	6.39	102	5	1023	426	93	95
1206	1205.99	26.3	2.36	102	4	1025	423	93	95
1207	1206.99	26.9	5.69	100	4	1026	425	93	95
1208	1207.99	15.2	6.39	123	2	1023	415	93	95
1209	1208.99	45.3	6.32	102	2	1045	425	93	95
1210	1209.99	26	6.32	103	3	1036	412	93	95
1211	1210.99	23.6	4.26	105	2	1098	536	93	95
1212	1211.99	23.86	3.69	109	6	1035	581	93	95
1213	1212.99	25.67	3.69	109	5	1169	579	93	95
1214	1213.99	24.38	6.32	108	5	1148	578	93	95
1215	1214.99	26.37	3.76	108	5	1141	578	93	95
1216	1215.99	23.49	2.36	108	5	1155	578	93	95
1217	1216.99	32.77	5.88	108	6	1147	578	93	95
1218	1217.99	31.32	8.15	108	5	1187	579	93	95
1219	1218.99	25.37	5.86	108	5	1244	581	93	95
1220	1219.99	23.62	3.33	109	5	1240	581	93	95
1221	1220.99	21.79	2.97	110	5	1244	581	93	95
1222	1221.99	22.03	2.6	110	5	1249	581	93	95
1223	1222.99	22.26	2.6	110	5	1247	581	93	95
1224	1223.99	19.33	2.19	110	5	1250	581	93	95
1225	1224.99	19.09	3.26	109	5	1258	581	93	95
1226	1225.99	18.92	3.27	110	5	1249	581	93	95
1227	1226.99	20.26	7.13	110	6	1250	581	93	95
1228	1227.99	22.28	10.23	110	7	1251	581	93	95
1229	1228.99	21.85	11.64	110	7	1249	581	93	95
1230	1229.99	14.13	4.78	110	6	1245	581	93	95
1231	1230.99	21.67	7.36	110	5	1254	581	93	95
1232	1231.99	21.3	2.08	110	4	1260	581	93	95
1233	1232.99	21.98	2.05	110	4	1270	581	93	95
1234	1233.99	22.69	3.73	110	4	1269	581	93	95
1235	1234.99	22.63	2.36	110	4	1271	581	93	95
1236	1235.99	32.47	3.91	110	5	1273	581	93	95
1237	1236.99	12.58	5.36	120	2	640	290	93	95
1238	1237.99	17.09	2.36	110	2	1018	464	93	95
1239	1238.99	26.49	6.36	110	4	1148	531	93	95
1240	1239.99	22.1	5.69	110	4	1317	604	93	95
1241	1240.99	22.3	7.36	110	5	1319	603	93	95
1242	1241.99	18.64	9.36	110	4	1315	603	93	95
1243	1242.99	18.62	10.25	109	4	1317	602	93	95
1244	1243.99	19.49	8.3	110	5	1311	602	93	95
1245	1244.99	20.11	8.26	110	4	1319	603	93	95
1246	1245.99	21.64	6.39	99	5	1170	542	93	95
1247	1246.99	7.91	8.36	33	5	394	459	93	95
1248    1247.99 7.91    8.36    33      5       394     459     93      95
1249	1248.9	22	10.5	109	6	258	134	93	95
1250	1249.9	19	11.2	108	4	1294	671	93	95
1251	1250.9	21.05	11.45	108	4	1302	671	93	95
1252	1251.9	20.78	10.65	109	4	1302	671	93	95
1253	1252.9	22.78	9.75	109	4	1309	671	93	95
1254	1253.9	22.22	11.63	109	4	1310	671	93	95
1255	1254.9	21	12	108	4	1318	671	93	95
1256	1255.9	20	11.54	108	5	528	268	93	95
1257	1256.9	19	12	108	4	1061	536	93	95
1258	1257.9	21	13.12	109	4	1334	671	93	95
1259	1258.9	20	12.54	109	4	1340	671	93	95
1260	1259.9	19	11.49	108	4	1340	671	93	95
1261	1260.9	20	13.74	108	4	1340	671	93	95
1262	1261.9	19.09	14.15	108	4	1340	671	93	95
1263	1262.9	20.34	13.51	107	5	1305	658	93	95
1264	1263.9	20.67	14.48	107	5	1075	593	93	95
1265	1264.9	19	13.47	108	4	1127	595	93	95
1266	1265.9	19.17	12.65	108	3	1229	592	93	95
1267	1266.9	20.1	11.47	108	0	304	144	93	95
1268	1267.9	22	10.77	108	3	1190	540	93	95
1269	1268.9	23.9	10.5	108	4	1501	659	93	95
1270	1269.9	25.8	9.98	107	4	1503	659	93	95
1271	1270.9	27.7	10.25	107	4	1507	659	93	95
1272	1271.9	29.6	10.2	107	4	1502	659	93	95
1273	1272.9	31.5	12.63	107	4	1514	659	93	95
1274	1273.9	33.4	12.45	106	5	1501	659	93	95
1275	1274.9	32	11	107	4	1516	659	93	95
1276	1275.9	33	10.5	108	4	1532	659	93	95
1277	1276.9	31	9.97	108	5	1536	659	93	95
1278	1277.9	30	9.98	108	5	1544	659	93	95
1279	1278.9	32	13.37	108	6	1540	659	93	95
1280	1279.9	30	14.5	108	7	1553	659	93	95
1281	1280.9	31	16.02	108	7	1559	659	93	95
1282	1281.9	29.5	15	108	7	1572	659	93	95
1283	1282.9	28	13	108	7	1579	659	93	95
1284	1283.9	23.32	17	108	7	1575	659	93	95
1285	1284.9	22	15.64	108	7	1579	659	93	95
1286	1285.9	22.7	14.66	107	9	1567	659	93	95
1287	1286.9	23.34	15.54	106	9	1572	659	93	95
1288	1287.9	24.85	16.45	107	8	1583	659	93	95
1289	1288.9	25	16.35	107	8	1579	659	93	95
1290	1289.9	23.17	14.75	108	6	1586	659	93	95
1291	1290.9	23.32	15.02	108	6	1593	659	93	95
1292	1291.9	22	14.89	109	5	1605	659	93	95
1293	1292.9	21	14.7	109	5	1620	659	93	95
1294	1293.9	20	13.5	109	5	1620	659	93	95
1295	1294.9	21	13.5	110	4	1602	657	93	95
1296	1295.9	22	12.68	110	4	1588	656	93	95
1297	1296.9	23	10.25	109	6	1593	656	93	95
1298	1297.9	24	10.26	108	6	1585	656	93	95
1299	1298.9	22	11.56	108	7	1599	656	93	95
1300	1299.9	20	12.9	108	7	1607	656	93	95
1301	1300.9	22.5	12	108	8	1602	656	93	95
1302	1301.9	21.96	13.5	108	8	1602	656	93	95
1303	1302.9	21.31	12.3	108	7	1600	656	93	95
1304	1303.9	22.53	12.5	108	7	1609	656	93	95
1305	1304.9	23.82	12.35	108	7	1608	656	93	95
1306	1305.9	21	14.55	108	5	1613	656	93	95
1307	1306.9	21.54	13.74	108	5	1613	656	93	95
1308	1307.9	20.06	12.64	108	5	1618	656	93	95
1309	1308.9	18	12.67	108	4	1620	656	93	95
1310	1309.9	17.05	12.45	108	4	1295	581	93	95
1311	1310.9	15.61	13.01	108	4	1295	580	93	95
1312	1311.9	16.05	12.05	108	4	1291	580	93	95
1313	1312.9	17.25	14.01	108	5	1290	580	93	95
1314	1313.9	16.78	13	108	4	1285	580	93	95
1315	1314.9	18.5	12.45	109	5	1257	580	93	95
1316	1315.9	20.32	14.04	109	5	1260	580	93	95
1317	1316.9	22	13	109	5	1269	580	93	95
1318	1317.9	21	12	109	4	1510	633	93	95
1319	1318.9	22.09	11.14	109	4	1311	601	93	95
1320	1319.9	20	12.04	109	4	1358	601	93	95
1321	1320.9	23	10.78	109	4	1358	601	93	95
1322	1321.9	22	11.07	109	4	1350	601	93	95
1323	1322.9	21	12.04	87	3	1353	599	93	95
1324	1323.9	20	13.55	112	4	1311	589	93	95
1325	1324.9	21.59	12.33	109	4	1306	589	93	95
1326	1325.9	21.75	12.02	109	4	1305	589	93	95
1327	1326.9	20	14	109	4	1307	589	93	95
1328	1327.9	18.5	13.65	109	5	1318	589	93	95
1329	1328.9	19.54	12.12	108	5	1319	589	93	95
1330	1329.9	17.6	11.66	108	5	1325	589	93	95
1331	1330.9	19.6	12.69	108	5	1324	589	93	95
1332	1331.9	21.99	13.01	108	5	1326	589	93	95
1333	1332.9	23.67	11.46	108	5	1325	589	93	95
1334	1333.9	19.26	10.23	108	4	1334	589	93	95
1335	1334.9	22.37	13.15	108	4	1322	589	93	95
1336	1335.9	21.4	12.47	108	4	1323	589	93	95
1337	1336.9	20.85	11.5	108	4	1330	589	93	95
1338	1337.9	19.38	12.65	108	5	1322	589	93	95
1339	1338.9	20.14	11.05	108	5	1333	589	93	95
1340	1339.9	20.3	12.05	108	5	1326	589	93	95
1341	1340.9	23.1	10.3	107	6	1323	589	93	95
1342	1341.9	24.37	11.2	107	7	1221	589	93	95
1343	1342.9	23.56	10.2	108	6	1184	589	93	95
1344	1343.9	25	12.3	108	6	1236	589	93	95
1345	1344.9	24	11.5	108	6	1271	589	93	95
1346	1345.9	22	12.5	108	5	1261	591	93	95
1347	1346.9	21	13.4	108	5	1262	592	93	95
1348	1347.9	20	12.23	108	5	1283	594	93	95
1349	1348.9	18.6	12.2	108	5	1294	595	93	95
1350	1349.9	18.9	12.33	108	5	1309	595	93	95
1351	1350.9	18.99	11.2	108	5	1309	179	93	95
1352	1351.9	20.1	10.11	109	6	1315	601	93	95
1353	1352.9	22.04	11.02	109	6	1316	601	93	95
1354	1353.9	22	12.01	109	6	1326	601	93	95
1355	1354.9	21.23	12.3	108	7	1330	601	93	95
1356	1355.9	20.07	12.03	108	5	1315	601	93	95
1357	1356.9	22.9	11	108	5	1316	601	93	95
1358	1357.9	22.56	12.33	108	5	1320	601	93	95
1359	1358.9	21.32	13.01	108	5	1319	601	93	95
1360	1359.9	22.07	12	108	4	1319	601	93	95
1361	1360.9	20.97	11.6	108	5	1319	601	93	95
1362	1361.9	21.5	10.22	108	4	1321	601	93	95
1363	1362.9	22.13	12	108	6	1318	601	93	95
1364	1363.9	22.13	10.95	108	5	1334	601	93	95
1365	1364.9	23.63	12.44	108	5	1327	601	93	95
1366	1365.9	22.82	11.25	108	6	1323	601	93	95
1367	1366.9	23.97	10.78	108	5	1330	601	93	95
1368	1367.9	22.12	11.55	108	4	1321	601	93	95
1369	1368.9	23.1	11.01	108	5	1321	601	93	95
1370	1369.9	21.96	11	108	4	1321	601	93	95
1371	1370.9	21.96	11	108	4	1321	601	93	95
1372	1371.9	21.96	11	108	4	1321	601	93	95
1373	1372.9	21.96	11	108	4	1321	601	93	95
1374	1374.99	45.05	1.27	108	3	1301	592	93	94
1375	1375.99	19.37	3.8	108	4	1295	592	93	94
1376	1376.99	14.84	5.91	108	4	1303	592	93	94
1377	1377.99	6.56	7.81	86	3	1040	473	93	94
1378	1378.99	16.32	9.14	108	4	1300	592	93	94
1379	1379.99	16.62	10.8	108	4	1305	592	93	94
1380	1380.99	22.33	14.34	108	5	1312	592	93	94
1381	1381.99	19.76	15.28	108	6	1225	589	93	94
1382	1382.99	20.02	17.59	108	6	1191	589	93	94
1383	1383.99	25.93	19.23	108	6	1052	558	93	94
1384	1384.99	14.71	14.25	108	6	1199	580	93	94
1385	1385.99	18.54	10.21	109	4	1296	598	93	94
1386	1386.99	18.01	11.29	110	4	1294	598	93	94
1387	1387.99	22.97	9.3	110	4	1292	598	93	94
1388	1388.99	20.12	11	109	5	1293	598	93	94
1389	1389.99	26.27	9.3	109	5	1312	598	93	94
1390	1390.99	29.26	11.94	109	5	1303	598	93	94
1391	1391.99	39.14	12.69	109	6	1317	598	93	94
1392	1392.99	32.25	14.35	109	6	1317	598	93	94
1393	1393.99	29.12	10.47	109	7	1325	598	93	94
1394	1394.99	27.18	13.17	109	9	1319	598	93	94
1395	1395.99	29.11	15.23	109	7	1330	598	93	94
1396	1396.99	28.1	13.23	109	7	1335	598	93	94
1397	1397.99	23.63	11.49	109	6	1341	600	93	94
1398	1398.99	20.63	10.52	109	6	1353	601	93	94
1399	1399.99	22.63	12.87	109	6	1346	601	93	94
1400	1400.99	24.73	9.7	109	6	1359	601	93	94
1401	1401.99	23.64	10.84	109	6	1359	601	93	94
1402	1402.99	23.78	12.3	109	6	1351	601	93	94
1403	1403.99	24.07	13.4	109	7	1310	601	93	94
1404	1404.99	23.51	14.81	110	7	1234	601	93	94
1405	1405.99	24.99	12.36	110	6	1217	601	93	94
1406	1406.99	23.1	9.67	110	6	1223	601	93	94
1407	1407.99	16.04	8.85	109	6	1242	601	93	94
1408	1408.99	59.96	6.22	33	1	623	300	93	94
1409	1409.99	289.22	25.17	33	2	1036	480	93	94
1410	1410.99	22.01	9.15	109	7	1348	601	93	94
1411	1411.99	18.12	9.9	108	5	1350	601	92	94
1412	1412.99	14.76	9.4	108	5	1371	601	92	94
1413	1413.99	6.09	2.79	54	2	688	300	92	94
1414	1414.99	21.63	9.5	108	5	1381	601	92	94
1415	1415.99	21.02	11.49	108	6	1390	601	92	94
1416	1416.99	29.17	12.35	108	7	1390	601	92	94
1417	1417.99	21.14	9.66	108	6	1388	601	92	94
1418	1418.99	24.09	12	108	6	1388	601	92	94
1419	1419.99	22.13	11.87	108	7	1389	601	92	94
1420	1420.99	23.76	11.02	108	7	1388	601	92	94
1421	1421.99	24.04	9.69	108	6	1396	601	92	94
1422	1422.99	24.79	10.45	108	6	1393	601	92	94
1423	1423.99	24.98	9.58	108	6	1392	601	92	94
1424	1424.99	24.33	10.35	108	6	1394	601	92	94
1425	1425.99	25.32	12.07	108	6	1402	601	92	94
1426	1426.99	15.75	7.51	86	5	1116	481	92	93
1427	1427.99	20.72	13.38	108	6	1389	601	92	93
1428	1428.99	24.88	8.86	108	6	1395	601	92	93
1429	1429.99	23.6	10.13	108	6	1393	601	92	93
1430	1430.99	24.59	10.45	108	6	1394	601	92	93
1431	1431.99	23.53	11.86	108	7	1394	601	92	93
1432	1432.99	21.53	6.69	108	7	1398	601	92	93
1433	1433.99	22.25	8.13	108	6	1517	645	92	93
1434	1434.99	20.14	7.76	108	6	1513	646	92	93
1435	1435.99	13.74	5.62	75	3	1055	452	92	93
1436	1436.99	169.07	10.88	102	5	606	258	92	93
1437	1437.99	192.07	18.3	110	3	1340	610	92	93
1438	1438.99	16.96	11.01	110	5	1288	595	92	93
1439	1439.99	19.37	12.44	110	5	1300	595	92	93
1440	1440.99	21.59	10.37	110	6	1312	595	92	93
1441	1441.99	22.27	10.37	110	6	1315	595	92	93
1442	1442.99	22.26	12.34	110	6	1316	595	92	93
1443	1443.99	22.86	10.86	110	5	1331	595	92	93
1444	1444.99	23.02	9.03	110	5	1326	595	92	93
1445	1445.99	22.42	10.83	110	5	1332	595	92	93
1446	1446.99	21.84	13.75	110	8	1331	595	92	93
1447	1447.99	21.93	11.24	110	7	1334	595	92	93
1448	1448.99	22.06	11.04	110	7	1337	595	92	93
1449	1449.99	20.7	10.64	110	7	1340	595	92	93
1450	1450.99	20.68	9.98	110	7	1339	595	92	93
1451	1451.99	20.71	11.17	110	7	1347	595	92	93
1452	1452.99	19.7	12.04	110	7	1346	595	92	93
1453	1453.99	19.32	9.19	110	7	1344	595	92	93
1454	1454.99	19.37	8.58	110	6	1344	595	92	93
1455	1455.99	17.95	8.12	110	6	1345	595	92	93
1456	1456.99	19.01	9.63	110	6	1345	595	92	93
1457	1457.99	4.02	9.36	33	8	1369	178	92	93
1458	1458.99	0.86	9.36	11	5	1300	179	92	93
1459	1459.99	0.82	7.36	11	7	1325	170	92	93
1460	1460.99	0.77	9.36	11	6	1369	175	92	93
1461	1461.99	1.54	5.36	22	9	1358	156	92	93
1462	1462.99	17.04	6.28	110	6	1217	568	92	93
1463	1463.99	20.72	7.94	110	5	1121	551	92	93
1464	1464.99	17.46	7.01	110	5	1101	551	92	93
1465	1465.99	20.05	10.65	110	6	1045	551	92	93
1466	1466.99	4.49	1.66	102	8	1036	165	92	93
1467	1467.99	14.08	6.93	103	4	1025	457	92	93
1468	1468.99	20.38	12.17	109	7	1176	578	92	93
1469	1469.99	17.34	13.14	103	5	1193	579	92	93
1470	1470.99	16.01	10.09	107	6	1219	578	92	93
1471	1471.99	23.32	12.32	108	6	1242	579	92	93
1472	1472.99	23.17	11.07	108	7	1253	578	92	93
1473	1473.99	22.94	10.82	108	8	1253	578	92	93
1474	1474.99	21.37	11.52	108	9	1280	579	92	93
1475	1475.99	25.02	11.27	105	9	1350	581	92	93
1476	1476.99	22.72	13.09	100	9	1357	581	92	93
1477	1477.99	24.34	15.86	99	9	1361	581	92	93
1478	1478.99	23.71	15.7	100	8	1362	581	92	93
1479	1479.99	21.39	16.6	100	8	1366	581	92	93
1480	1480.99	23.9	15.52	101	7	1377	581	92	93
1481	1481.99	20.64	13.06	103	6	1387	581	92	93
1482	1482.99	21.75	17.25	103	7	1378	581	92	93
1483	1483.99	14.23	17.36	60	4	980	406	92	93
1484	1481.68	17.92	6.2	108	4	1430	581	96	98
1485	1481.68	17.92	6.2	108	4	1430	581	96	98
1486	1483.24	13.79	9.77	108	5	1230	581	96	98
1487	1485.54	14.27	7.75	108	6	1020	581	96	98
1488	1486.54	16.15	8.66	108	6	1019	581	96	98
1489	1487.54	20.12	5.46	108	5	1017	581	96	98
1490	1488.54	18.53	8.24	108	6	1018	581	96	98
1491	1490.9	11	7.26	108	8	1015	581	96	98
1492	1491.9	10.59	7.67	86	6	1041	581	96	98
1493	1492.9	12	2.8	100	7	1100	599	96	98
1494	1493.9	13	6.35	109	7	1127	601	96	98
1495	1494.9	13.77	2.95	109	6	1129	601	96	98
1496	1495.9	15	1.7	109	6	1140	601	96	98
1497	1496.9	18.99	2.08	108	5	1129	601	96	98
1498	1497.9	17	10.35	108	8	1069	601	96	98
1499	1498.9	18	10.07	108	8	1070	601	96	98
1500	1499.9	17	10.63	109	7	1077	601	96	98
1501	1500.9	16.52	6.76	108	6	1106	601	96	98
1502	1501.9	15	3.99	108	4	1083	601	96	98
1503	1502.9	17.81	4.69	108	5	1012	601	96	98
1504	1503.9	20	5.01	108	5	1012	601	96	98
1505	1504.9	20.85	13.17	108	6	1165	654	96	98
1506	1505.9	18	19.33	108	7	1382	724	96	98
1507	1506.9	17.63	22.69	108	7	1426	740	96	98
1508	1507.9	16.84	27	109	8	1420	740	96	98
1509	1508.9	17.34	27	109	8	1420	740	96	98
1510	1509.9	17.69	27	109	8	1420	740	96	98
1511	1510.9	18.42	25.13	113	7	1476	750	96	98
1512	1511.9	19.86	14.9	129	6	1693	790	96	98
1513	1512.9	16	17.67	128	6	1699	790	96	98
1514	1513.9	15.54	17.5	128	6	1708	790	96	98
1515	1514.9	14	20.15	126	7	1704	790	96	98
1516	1515.9	13.27	16.26	126	7	1698	790	96	98
1517	1516.9	12.75	15.83	125	8	1707	790	96	98
1518	1517.9	14.63	23.49	125	8	1711	790	96	98
1519	1518.9	13	18.23	126	7	1711	790	96	98
1520	1519.9	13	23.5	127	7	1717	790	96	98
1521	1520.9	14	19.26	129	6	1739	790	96	98
1522	1521.9	12	14.67	129	5	1755	790	96	97
1523	1522.9	13	12.25	130	5	1746	790	96	98
1524	1523.9	14	14.91	130	6	1740	790	95	97
1525	1524.9	15.95	20.93	130	7	1735	790	95	97
1526	1525.9	16.42	20.49	130	7	1729	790	95	97
1527	1526.9	15	16.75	130	7	1734	790	96	98
1528	1527.9	17.54	11.63	130	5	1747	790	95	97
1529	1528.9	19	13.21	130	5	1752	790	96	98
1530	1529.9	22	11.56	130	5	1752	790	96	98
1531	1530.9	20.4	10.31	130	6	1749	790	96	98
1532	1531.9	22.97	10.24	130	5	1750	790	96	98
1533	1532.9	20.33	7.82	130	5	1750	790	96	98
1534	1533.9	23.13	9.84	130	5	1754	790	96	98
1535	1534.9	21.52	10.86	130	5	1760	790	96	98
1536	1535.9	19.55	10.05	129	6	1760	789	96	98
1537	1536.9	20.71	8.71	130	11	1763	790	96	98
1538	1537.9	20.38	7.07	130	7	1770	790	96	98
1539	1538.9	19.24	7.52	130	8	1770	790	96	98
1540	1539.9	19.26	10.16	130	6	1778	790	96	98
1541	1540.9	18.01	9.35	128	8	1786	790	96	98
1542	1541.9	20.14	12.74	129	7	1785	790	96	98
1543	1542.9	22	11.5	130	7	1787	790	96	98
1544	1543.9	22.38	8.76	130	8	1790	790	96	97
1545	1544.9	23	8.18	130	7	1790	790	96	98
1546	1545.9	25	8.74	130	7	1793	790	96	98
1547	1546.9	26	10.43	130	6	1797	789	96	98
1548	1547.9	27.1	7.98	130	8	1799	790	96	97
1549	1548.9	23	11.73	130	10	1801	790	96	98
1550	1549.9	24.87	7.21	130	8	1881	790	96	98
1551	1550.9	22.54	2.67	131	6	1954	788	96	98
1552	1551.9	18.88	9.89	130	6	1903	787	96	98
1553	1552.9	18.02	15.78	130	6	1899	787	96	98
1554	1553.9	20.46	15.29	130	7	1897	787	96	98
1555	1554.9	17.9	14.54	130	7	1898	787	96	98
1556	1555.9	17.32	18.33	130	7	1910	787	96	98
1557	1556.9	17.19	18.29	130	7	1909	787	96	98
1558	1557.9	15.17	17.81	130	7	1910	787	96	98
1559	1558.9	14.91	17.68	130	6	1880	787	96	98
1560	1559.9	3.94	7.38	131	2	654	314	96	98
1561	1560.9	18.99	21.11	130	7	1594	787	96	98
1562	1561.9	17.19	20.62	130	7	1595	787	96	98
1563	1562.9	15.12	21.96	130	8	1622	787	96	98
1564	1563.9	14.6	20.7	131	7	1650	787	96	98
1565	1564.9	17.79	17.37	130	7	1658	787	96	98
1566	1565.9	16.26	19.16	130	7	1698	787	96	98
1567	1566.9	18.92	18.75	130	7	1731	787	96	98
1568	1567.9	15.99	18.96	130	8	1762	787	96	98
1569	1568.9	19.69	21.41	130	8	1791	787	96	98
1570	1569.9	18.22	19.65	130	8	1785	787	96	98
1571	1570.9	19.13	19.71	130	7	1797	787	96	98
1572	1571.9	19.24	18.74	130	7	1815	787	96	98
1573	1572.9	18.66	22.13	130	8	1843	787	96	98
1574	1573.9	17.31	19.33	130	8	1883	787	96	98
1575	1574.9	14.3	20.12	130	6	1903	787	96	98
1576	1575.9	14.02	18.96	130	6	1916	787	96	98
1577	1576.9	13.94	20.55	130	6	1926	787	96	98
1578	1577.9	20.28	5.21	118	3	1711	708	96	98
1579	1578.9	24.7	13.68	130	6	1881	787	96	98
1580	1579.9	17.44	18.16	130	6	1831	787	96	98
1581	1580.9	17.24	17.22	130	6	1791	787	96	98
1582	1581.9	12.61	15.57	130	6	1847	787	96	98
1583	1582.9	17.22	14.99	130	6	1855	787	96	98
1584	1583.9	15.34	19.07	130	6	1854	787	96	98
1585	1584.9	16.43	19.28	130	7	1862	787	96	98
1586	1585.9	15.76	17.28	130	7	1852	787	96	98
1587	1586.9	15.46	16.2	130	7	1898	787	96	98
1588	1587.9	13.75	17.01	130	6	1936	787	96	98
1589	1588.9	14.21	17.04	130	7	1935	787	96	98
1590	1589.9	12.3	17.69	130	6	1952	787	96	98
1591	1590.9	13.78	16.74	130	6	1968	787	96	98
1592	1591.9	14.2	20.78	130	6	1994	787	96	98
1593	1592.9	13.85	16.1	130	7	1976	787	96	98
1594	1593.9	11.33	18.96	130	6	1941	787	96	98
1595	1594.9	14.86	17.26	130	6	1936	787	96	98
1596	1595.9	16.8	17.23	131	7	1917	787	96	98
1597	1596.9	16.56	15.78	130	7	1924	787	96	98
1598	1597.9	16.55	16.35	131	7	1935	787	96	98
1599	1597.9	16.8	20.29	131	7	1941	787	96	98
1600	1597.9	13.84	20.96	131	7	1929	787	96	98
1601	1600.9	15.61	23.23	130	8	1935	787	96	98
1602	1601.9	15.25	21.88	130	7	1935	787	96	98
1603	1602.9	13.97	19.89	130	7	1962	787	96	98
1604	1603.9	13.93	18.02	131	7	1963	787	96	98
1605	1604.9	2.35	4.93	131	7	1936	789	96	98
1606	1605.9	2.35	8.36	130	7	1945	769	96	98
1607	1606.9	2.35	9.36	130	7	1968	726	96	98
1608	1607.9	2.35	8.36	130	7	1956	763	96	98
1609	1608.9	13.27	2.98	130	7	1025	759	96	98
1610	1609.9	13.2	6.36	130	7	1236	745	96	98
1611	1610.9	27.94	11.42	132	6	2065	793	96	98
1612	1611.9	25.74	14.35	131	6	2053	793	96	98
1613	1612.9	19.57	14.98	131	7	2038	791	96	98
1614	1613.9	20.68	16.48	130	8	1940	790	96	98
1615	1614.9	21.18	17.11	130	7	1922	790	96	98
1616	1615.9	21.36	15.53	130	7	1918	790	96	98
1617	1616.9	21.27	21.4	130	8	1965	790	96	98
1618	1617.9	21.6	17.78	130	8	1997	790	96	98
1619	1618.9	21.59	20.21	130	8	1996	790	96	98
1620	1619.9	21.04	14.33	130	7	2013	790	96	98
1621	1620.9	17.94	17.44	130	7	2012	790	97	99
1622	1621.9	25.17	11.89	131	5	2032	790	97	99
1623	1622.9	15.88	15.82	130	6	2041	790	97	99
1624	1623.9	18.17	18.2	130	7	2025	790	97	99
1625	1624.9	13.62	18.67	130	7	2007	790	97	99
1626	1625.9	12.34	19.7	130	7	2008	790	97	99
1627	1626.9	13.57	19.68	130	7	1994	790	98	99
1628	1627.9	14.06	23.96	130	7	1997	790	98	99
1629	1628.9	12.47	22.36	130	7	2003	790	98	99
1630	1629.9	14.34	21.79	131	8	2036	790	98	100
1631	1630.9	13.77	20.39	131	7	1996	790	98	100
1632	1631.9	13.74	17.95	131	7	1994	790	98	100
1633	1632.9	14.96	18.19	132	7	2023	790	99	100
1634	1633.9	15.75	17.92	132	7	2028	790	99	102
1635	1634.9	12.96	18.15	132	7	2029	790	99	102
1636	1635.9	16.79	19.11	132	7	2031	790	99	102
1637	1635.27	15.2	15.08	132	7	2031	500	80	82	
1638	1635.47	12.42	14.08	131	7	1890	450	81	85	
1639	163.7	12.36	15.23	12	7	2150	450	82	85	
										






