!Well:					BILABRI D2
!Path:					Original Path
!Reference North is:			TRUE
!Magnetic Declination is:		-3.48
!True to Grid Convergence:		0.00
!Tie In Point data:		
!MD  0.00  INC  0.00  Azicorr  0.00  TVD  0.00  N/S  0.00  E/W  0.00  
!
!Measured Depth   Inclination      Azimuth          Planar VS        Course Length    Incr VS          Dogleg           Position North   Vertical Depth   Position East    
!----------------------------------------------------------------------------------------------------------------------------------------------------------------------------------------------
462.00            0.44             43.70            0.19             462.00           1.78             0.03             1.28             462.00           1.23             
492.00            0.23             352.35           0.25             30.00            1.94             0.35             1.43             491.99           1.30             
520.00            0.25             55.37            0.29             28.00            2.04             0.27             1.52             519.99           1.34             
548.00            0.60             4.78             0.39             28.00            2.23             0.52             1.70             547.99           1.40             
577.00            0.53             39.67            0.52             29.00            2.50             0.36             1.95             576.99           1.50             
605.00            0.15             24.71            0.56             28.00            2.66             0.41             2.09             604.99           1.60             
634.00            0.20             335.94           0.63             29.00            2.75             0.16             2.17             633.99           1.59             
663.00            0.31             346.37           0.75             29.00            2.87             0.12             2.29             662.99           1.55             
691.00            0.61             21.80            0.88             28.00            3.09             0.43             2.50             690.99           1.59             
720.00            0.45             24.36            1.00             29.00            3.35             0.16             2.75             719.99           1.69             
748.00            0.40             346.33           1.14             28.00            3.55             0.30             2.94             747.99           1.72             
777.00            0.17             99.41            1.20             29.00            3.64             0.51             3.03             776.99           1.73             
805.00            0.16             30.45            1.18             28.00            3.71             0.20             3.06             804.99           1.80             
836.00            0.27             43.62            1.20             31.00            3.83             0.12             3.15             835.99           1.87             
865.00            0.20             353.42           1.25             29.00            3.93             0.22             3.25             864.99           1.91             
893.00            0.30             54.57            1.28             28.00            4.04             0.29             3.34             892.99           1.96             
922.00            0.18             19.52            1.30             29.00            4.15             0.19             3.42             921.99           2.04             
950.00            0.55             32.28            1.36             28.00            4.33             0.41             3.58             949.99           2.13             
979.00            0.48             359.38           1.50             29.00            4.58             0.31             3.82             978.99           2.20             
1007.00           0.69             352.45           1.73             28.00            4.86             0.23             4.10             1006.98          2.17             
1036.00           1.01             8.94             2.04             29.00            5.29             0.41             4.52             1035.98          2.19             
1064.00           0.95             338.12           2.42             28.00            5.75             0.56             4.98             1063.98          2.14             
1093.00           0.96             336.00           2.88             29.00            6.23             0.04             5.43             1092.97          1.95             
1122.00           0.85             338.38           3.32             29.00            6.69             0.11             5.85             1121.97          1.78             
1150.00           1.25             343.71           3.80             28.00            7.20             0.44             6.34             1149.97          1.61             
1179.00           1.18             336.86           4.38             29.00            7.82             0.17             6.92             1178.96          1.41             
1207.00           1.16             340.32           4.92             28.00            8.39             0.08             7.45             1206.95          1.20             
1235.00           1.25             350.10           5.45             28.00            8.98             0.24             8.02             1234.95          1.05             
1264.00           0.96             359.72           5.91             29.00            9.53             0.35             8.57             1263.94          1.00             
1293.00           1.03             346.33           6.32             29.00            10.03            0.25             9.07             1292.94          0.93             
1321.00           0.81             342.03           6.73             28.00            10.48            0.25             9.50             1320.93          0.81             
1349.00           0.72             344.30           7.07             28.00            10.86            0.10             9.86             1348.93          0.70             
1377.00           0.73             345.85           7.40             28.00            11.21            0.02             10.20            1376.93          0.61             
1405.00           0.70             304.05           7.72             28.00            11.54            0.55             10.47            1404.93          0.43             
1462.00           0.28             292.62           8.18             57.00            12.02            0.22             10.72            1461.92          0.01             
1519.00           0.37             307.83           8.49             57.00            12.35            0.07             10.88            1518.92          -0.27            
1548.00           0.88             319.97           8.80             29.00            12.67            0.54             11.11            1547.92          -0.49            
1577.00           1.12             312.25           9.31             29.00            13.17            0.28             11.47            1576.92          -0.84            
1605.00           1.39             312.87           9.91             28.00            13.78            0.29             11.89            1604.91          -1.29            
1626.00           1.35             303.21           10.40            21.00            14.28            0.33             12.20            1625.90          -1.68            
1645.00           1.88             302.07           10.92            19.00            14.82            0.84             12.48            1644.90          -2.14            
1674.00           2.74             302.83           12.03            29.00            15.99            0.89             13.11            1673.87          -3.12            
1702.00           2.68             303.15           13.30            28.00            17.31            0.07             13.83            1701.84          -4.23            
1731.00           3.76             305.29           14.87            29.00            18.94            1.12             14.75            1730.80          -5.58            
1759.00           6.67             308.41           17.35            28.00            21.48            3.14             16.30            1758.68          -7.60            
1788.00           11.18            310.03           21.78            29.00            25.98            4.67             19.15            1787.32          -11.08           
1817.00           14.80            312.30           28.22            29.00            32.50            3.78             23.45            1815.57          -15.97           
1845.00           18.60            312.48           36.20            28.00            40.54            4.07             28.88            1842.39          -21.91           
1874.00           23.21            313.09           46.47            29.00            50.89            4.77             35.91            1869.47          -29.50           
1887.00           24.90            313.50           51.73            13.00            56.19            3.93             39.54            1881.34          -33.35           
1915.00           28.74            314.93           64.31            28.00            68.82            4.17             48.36            1906.32          -42.40           
1944.00           31.55            316.10           78.83            29.00            83.38            2.97             58.76            1931.40          -52.60           
1973.00           35.18            318.06           94.76            29.00            99.33            3.92             70.44            1955.61          -63.45           
2001.00           38.18            319.95           111.48           28.00            116.05           3.43             83.07            1978.07          -74.41           
2030.00           42.04            320.26           130.16           29.00            134.73           4.00             97.40            2000.24          -86.39           
2057.00           45.18            320.29           148.78           27.00            153.35           3.48             111.73           2019.79          -98.29           
2086.00           48.20            320.83           169.87           29.00            174.45           3.15             128.02           2039.68          -111.69          
2114.00           50.97            321.02           191.19           28.00            195.76           2.98             144.57           2057.83          -125.13          
2143.00           54.53            321.32           214.26           29.00            218.85           3.69             162.55           2075.38          -139.60          
2171.00           58.01            321.69           237.53           28.00            242.13           3.74             180.78           2090.93          -154.09          
2200.00           58.57            321.50           262.19           29.00            266.80           0.60             200.11           2106.17          -169.41          
2228.00           58.60            321.54           286.08           28.00            290.69           0.04             218.82           2120.76          -184.28          
2257.00           58.98            322.27           310.86           29.00            315.50           0.76             238.33           2135.79          -199.58          
2286.00           59.57            321.89           335.77           29.00            340.42           0.70             258.00           2150.61          -214.90          
2314.00           59.35            321.86           359.87           28.00            364.54           0.23             276.97           2164.84          -229.79          
2343.00           58.86            321.92           384.74           29.00            389.43           0.52             296.55           2179.73          -245.15          
2371.00           58.43            321.62           408.63           28.00            413.34           0.54             315.33           2194.30          -259.95          
2400.00           58.56            321.25           433.35           29.00            438.06           0.36             334.67           2209.46          -275.36          
2429.00           58.44            321.26           458.07           29.00            462.79           0.12             353.95           2224.61          -290.83          
2457.00           58.49            320.31           481.93           28.00            486.65           0.87             372.44           2239.25          -305.92          
2485.00           58.57            319.76           505.81           28.00            510.53           0.50             390.74           2253.87          -321.26          
2514.00           55.81            319.48           530.18           29.00            534.91           2.87             409.31           2269.58          -337.05          
2542.00           54.61            319.66           553.18           28.00            557.90           1.30             426.81           2285.55          -351.97          
2570.00           51.37            319.54           575.54           28.00            580.26           3.47             443.84           2302.40          -366.46          
2598.00           47.68            319.45           596.83           28.00            601.55           3.96             460.03           2320.58          -380.29          
2626.00           45.05            319.26           617.09           28.00            621.82           2.83             475.41           2339.90          -393.48          
2655.00           41.87            319.35           637.04           29.00            641.76           3.29             490.53           2360.94          -406.49          
2683.00           39.10            318.63           655.21           28.00            659.94           3.01             504.25           2382.24          -418.41          
2712.00           38.97            318.99           673.47           29.00            678.20           0.27             517.99           2404.76          -430.44          
2741.00           36.03            318.00           691.12           29.00            695.85           3.11             531.22           2427.77          -442.14          
2769.00           32.99            317.35           706.97           28.00            711.71           3.28             542.94           2450.84          -452.81          
2798.00           30.06            318.10           722.12           29.00            726.88           3.05             554.16           2475.56          -463.02          
2827.00           27.45            318.97           736.07           29.00            740.83           2.73             564.61           2500.98          -472.26          
2855.00           24.98            319.14           748.44           28.00            753.19           2.65             573.95           2526.10          -480.36          
2884.00           25.12            318.65           760.71           29.00            765.47           0.26             583.20           2552.37          -488.44          
2902.00           25.03            318.85           768.34           18.00            773.10           0.21             588.94           2568.67          -493.46          