Depth	TVD	ROP  Gas(units)	C1(PPM)	C2	C3	iC4	nC4	C5	
460	459.9	28.46	1	99	0	0	0	0	0
461	460.9	26.1	1	99	0	0	0	0	0
462	461.9	30.52	1	99	0	0	0	0	0
463	462.9	21.44	2	198	0	0	0	0	0
464	463.9	9.56	2	198	0	0	0	0	0
465	464.9	14.57	2	198	0	0	0	0	0
466	465.9	11.24	2	198	0	0	0	0	0
467	466.9	16.72	3	297	0	0	0	0	0
468	467.9	31.98	2	198	0	0	0	0	0
469	468.9	29.54	2	198	0	0	0	0	0
470	469.9	13.48	2	198	0	0	0	0	0
471	470.9	62.46	2	198	0	0	0	0	0
472	471.9	37.38	3	297	0	0	0	0	0
473	472.9	23.13	2	198	0	0	0	0	0
474	473.9	31.25	2	198	0	0	0	0	0
475	474.9	22.86	2	198	0	0	0	0	0
476	475.9	40.58	2	198	0	0	0	0	0
477	476.9	44.56	2	198	0	0	0	0	0
478	477.9	57.43	3	297	0	0	0	0	0
479	478.9	56.4	3	297	0	0	0	0	0
480	479.9	48.62	3	297	0	0	0	0	0
481	480.9	51.2	2	198	0	0	0	0	0
482	481.9	41.36	2	198	0	0	0	0	0
483	482.9	38.6	2	198	0	0	0	0	0
484	483.9	37.75	2	198	0	0	0	0	0
485	484.9	35.94	3	297	0	0	0	0	0
486	485.9	34.12	3	297	0	0	0	0	0
487	486.9	31.24	3	297	0	0	0	0	0
488	487.9	31.56	3	297	0	0	0	0	0
489	488.9	30.85	4	396	0	0	0	0	0
490	489.9	28.64	4	396	0	0	0	0	0
491	490.9	27.64	5	495	0	0	0	0	0
492	491.9	26.32	5	495	0	0	0	0	0
493	492.9	27.57	4	396	0	0	0	0	0
494	493.9	28.64	4	396	0	0	0	0	0
495	494.9	26.35	5	495	0	0	0	0	0
496	495.9	25.41	5	495	0	0	0	0	0
497	496.9	24.31	6	594	0	0	0	0	0
498	497.9	28.94	6	594	0	0	0	0	0
499	498.9	29.41	7	693	0	0	0	0	0
500	499.9	33.14	8	792	0	0	0	0	0
501	500.9	19.71	9	891	0	0	0	0	0
502	501.9	18.99	10	990	0	0	0	0	0
503	502.9	18.88	9	891	0	0	0	0	0
504	503.9	17.81	8	792	0	0	0	0	0
505	504.9	28.08	7	693	0	0	0	0	0
506	505.9	18.15	7	693	0	0	0	0	0
507	506.9	10.78	6	594	0	0	0	0	0
508	507.9	12.44	5	495	0	0	0	0	0
509	508.9	23.32	5	495	0	0	0	0	0
510	509.9	15.48	5	495	0	0	0	0	0
511	510.9	9.65	5	495	0	0	0	0	0
512	511.9	7.56	4	396	0	0	0	0	0
513	512.9	8.12	4	396	0	0	0	0	0
514	513.9	42.92	4	396	0	0	0	0	0
515	514.9	31.92	4	396	0	0	0	0	0
516	515.9	15.8	3	297	0	0	0	0	0
517	516.9	34.56	3	297	0	0	0	0	0
518	517.9	31.53	3	297	0	0	0	0	0
519	518.9	32.93	3	297	0	0	0	0	0
520	519.9	28.68	3	297	0	0	0	0	0
521	520.9	28.38	4	396	0	0	0	0	0
522	521.9	25.31	4	396	0	0	0	0	0
523	522.9	29.14	4	396	0	0	0	0	0
524	523.9	22.05	3	297	0	0	0	0	0
525	524.9	24.25	3	297	0	0	0	0	0
526	525.9	29.9	3	297	0	0	0	0	0
527	526.9	46.41	3	297	0	0	0	0	0
528	527.9	34.29	3	297	0	0	0	0	0
529	528.9	27.58	2	198	0	0	0	0	0
530	529.9	25.53	2	198	0	0	0	0	0
531	530.9	19	3	297	0	0	0	0	0
532	531.9	25.72	3	297	0	0	0	0	0
533	532.9	24.39	3	297	0	0	0	0	0
534	533.9	36.96	4	396	0	0	0	0	0
535	534.9	31.09	6	594	0	0	0	0	0
536	535.9	29.88	7	693	0	0	0	0	0
537	536.9	29.46	8	792	0	0	0	0	0
538	537.9	34.44	8	792	0	0	0	0	0
539	538.9	47.89	7	693	0	0	0	0	0
540	539.9	17.31	6	594	0	0	0	0	0
541	540.9	17	5	495	0	0	0	0	0
542	541.9	19.52	6	594	0	0	0	0	0
543	542.9	23.58	7	693	0	0	0	0	0
544	543.9	12.65	6	594	0	0	0	0	0
545	544.9	19.65	6	594	0	0	0	0	0
546	545.9	23.45	5	495	0	0	0	0	0
547	546.9	31.57	5	495	0	0	0	0	0
548	547.9	45.91	5	495	0	0	0	0	0
549	548.9	43.18	4	396	0	0	0	0	0
550	549.9	31.48	4	396	0	0	0	0	0
551	550.9	20.46	5	495	0	0	0	0	0
552	551.9	21.76	5	495	0	0	0	0	0
553	552.9	39.78	5	495	0	0	0	0	0
554	553.9	96.65	5	495	0	0	0	0	0
555	554.9	155.68	4	396	0	0	0	0	0
556	555.9	175.14	4	396	0	0	0	0	0
557	556.9	85.34	3	297	0	0	0	0	0
558	557.9	30.79	3	297	0	0	0	0	0
559	558.9	10.67	4	396	0	0	0	0	0
560	559.9	31.21	3	297	0	0	0	0	0
561	560.9	30.22	4	396	0	0	0	0	0
562	561.9	25.17	5	495	0	0	0	0	0
563	562.9	15.64	6	594	0	0	0	0	0
564	563.9	10.47	7	693	0	0	0	0	0
565	564.9	48.45	6	594	0	0	0	0	0
566	565.9	41.58	6	594	0	0	0	0	0
567	566.9	31.13	7	693	0	0	0	0	0
568	567.9	19.35	8	792	0	0	0	0	0
569	568.9	29.53	9	891	0	0	0	0	0
570	569.9	30.93	9	891	0	0	0	0	0
571	570.9	26.84	10	990	0	0	0	0	0
572	571.9	24.67	13	1287	0	0	0	0	0
573	572.9	13.86	14	1386	0	0	0	0	0
574	573.9	18.65	12	1188	0	0	0	0	0
575	574.9	26.22	10	990	0	0	0	0	0
576	575.9	18.13	9	891	0	0	0	0	0
577	576.9	17.59	9	891	0	0	0	0	0
578	577.9	28.33	8	792	0	0	0	0	0
579	578.9	28.77	10	990	0	0	0	0	0
580	579.9	31.02	11	1089	0	0	0	0	0
581	580.9	33.28	12	1188	0	0	0	0	0
582	581.9	28.54	13	1287	0	0	0	0	0
583	582.9	28.72	14	1386	0	0	0	0	0
584	583.9	20.12	18	1782	0	0	0	0	0
585	584.9	15.59	32	3168	0	0	0	0	0
586	585.9	60.9	24	2376	0	0	0	0	0
587	586.9	35.7	21	2079	0	0	0	0	0
588	587.9	28.59	18	1782	0	0	0	0	0
589	588.9	25.63	17	1683	0	0	0	0	0
590	589.9	26.74	15	1485	0	0	0	0	0
591	590.9	24.05	11	1089	0	0	0	0	0
592	591.9	15.24	9	891	0	0	0	0	0
593	592.9	22.59	6	594	0	0	0	0	0
594	593.9	60.3	5	495	0	0	0	0	0
595	594.9	24.3	5	495	0	0	0	0	0
596	595.9	22.52	5	495	0	0	0	0	0
597	596.9	14.27	5	495	0	0	0	0	0
598	597.9	15.67	5	495	0	0	0	0	0
599	598.9	17.83	6	594	0	0	0	0	0
600	599.9	14.09	7	693	0	0	0	0	0
601	600.9	19.69	7	693	0	0	0	0	0
602	601.9	24.18	6	594	0	0	0	0	0
603	602.9	31.56	6	594	0	0	0	0	0
604	603.9	33.78	5	495	0	0	0	0	0
605	604.9	15.4	5	495	0	0	0	0	0
606	605.9	23.31	6	594	0	0	0	0	0
607	606.9	29.4	6	594	0	0	0	0	0
608	607.9	25.66	6	594	0	0	0	0	0
609	608.9	26.98	6	594	0	0	0	0	0
610	609.9	26.65	6	594	0	0	0	0	0
611	610.9	22.42	7	693	0	0	0	0	0
612	611.9	24.54	7	693	0	0	0	0	0
613	612.9	18.51	8	792	0	0	0	0	0
614	613.9	18.16	8	792	0	0	0	0	0
615	614.9	17.73	9	891	0	0	0	0	0
616	615.9	11.02	9	891	0	0	0	0	0
617	616.9	15.64	10	990	0	0	0	0	0
618	617.9	23.79	10	990	0	0	0	0	0
619	618.9	15.24	11	1089	0	0	0	0	0
620	619.9	18.94	12	1188	0	0	0	0	0
621	620.9	26.25	13	1287	0	0	0	0	0
622	621.9	29.26	13	1287	0	0	0	0	0
623	622.9	9.96	14	1386	0	0	0	0	0
624	623.9	33.33	14	1386	0	0	0	0	0
625	624.9	15.02	14	1386	0	0	0	0	0
626	625.9	16.58	15	1485	0	0	0	0	0
627	626.9	15.15	16	1584	0	0	0	0	0
628	627.9	18.96	16	1584	0	0	0	0	0
629	628.9	20.49	16	1584	0	0	0	0	0
630	629.9	29.07	16	1584	0	0	0	0	0
631	630.9	31.62	14	1386	0	0	0	0	0
632	631.9	29.42	13	1287	0	0	0	0	0
633	632.9	25.55	13	1287	0	0	0	0	0
634	633.9	15.98	11	1089	0	0	0	0	0
635	634.9	22.66	10	990	0	0	0	0	0
636	635.9	25.44	11	1089	0	0	0	0	0
637	636.9	26.81	12	1188	0	0	0	0	0
638	637.9	28.21	12	1188	0	0	0	0	0
639	638.9	25.81	13	1287	0	0	0	0	0
640	639.9	21.25	13	1287	0	0	0	0	0
641	640.9	23.59	13	1287	0	0	0	0	0
642	641.9	23.67	13	1287	0	0	0	0	0
643	642.9	31.56	13	1287	0	0	0	0	0
644	643.9	38.82	14	1386	0	0	0	0	0
645	644.9	16.4	14	1386	0	0	0	0	0
646	645.9	15.48	14	1386	0	0	0	0	0
647	646.9	16.71	15	1485	0	0	0	0	0
648	647.9	37.31	16	1584	0	0	0	0	0
649	648.9	21.32	17	1683	0	0	0	0	0
650	649.9	18.76	21	2079	0	0	0	0	0
651	650.9	17.93	21	2079	0	0	0	0	0
652	651.9	26.18	21	2079	0	0	0	0	0
653	652.9	32.95	20	1980	0	0	0	0	0
654	653.9	28.72	19	1881	0	0	0	0	0
655	654.9	26.98	19	1881	0	0	0	0	0
656	655.9	30.73	18	1782	0	0	0	0	0
657	656.9	24.15	18	1782	0	0	0	0	0
658	657.9	15.69	17	1683	0	0	0	0	0
659	658.9	24.92	16	1584	0	0	0	0	0
660	659.9	29.55	16	1584	0	0	0	0	0
661	660.9	16.52	16	1584	0	0	0	0	0
662	661.9	25.28	15	1485	0	0	0	0	0
663	662.9	27.68	15	1485	0	0	0	0	0
664	663.9	38.4	16	1584	0	0	0	0	0
665	664.9	21.53	16	1584	0	0	0	0	0
666	665.9	40.17	16	1584	0	0	0	0	0
667	666.9	36.25	16	1584	0	0	0	0	0
668	667.9	57.74	16	1584	0	0	0	0	0
669	668.9	61.08	15	1485	0	0	0	0	0
670	669.9	45.05	15	1485	0	0	0	0	0
671	670.9	55.56	14	1386	0	0	0	0	0
672	671.9	22.95	14	1386	0	0	0	0	0
673	672.9	26.47	14	1386	0	0	0	0	0
674	673.9	50.16	13	1287	0	0	0	0	0
675	674.9	28.98	13	1287	0	0	0	0	0
676	675.9	32.37	13	1287	0	0	0	0	0
677	676.9	47.42	14	1386	0	0	0	0	0
678	677.9	44.01	14	1386	0	0	0	0	0
679	678.9	34.89	15	1485	0	0	0	0	0
680	679.9	35.38	16	1584	0	0	0	0	0
681	680.9	14.57	17	1683	0	0	0	0	0
682	681.9	17.97	17	1683	0	0	0	0	0
683	682.9	16.78	18	1782	0	0	0	0	0
684	683.9	25.64	19	1881	0	0	0	0	0
685	684.9	59.82	19	1881	0	0	0	0	0
686	685.9	42.29	19	1881	0	0	0	0	0
687	686.9	28.33	20	1980	0	0	0	0	0
688	687.9	14.75	21	2079	0	0	0	0	0
689	688.9	19.41	19	1881	0	0	0	0	0
690	689.9	22.36	18	1782	0	0	0	0	0
691	690.9	15.71	17	1683	0	0	0	0	0
692	691.9	20.96	16	1584	0	0	0	0	0
693	692.9	15.15	16	1584	0	0	0	0	0
694	693.9	19.21	15	1485	0	0	0	0	0
695	694.9	20.78	15	1485	0	0	0	0	0
696	695.9	21.14	14	1386	0	0	0	0	0
697	696.9	14.98	14	1386	0	0	0	0	0
698	697.9	16.72	13	1287	0	0	0	0	0
699	698.9	22.81	13	1287	0	0	0	0	0
700	699.9	13.25	12	1188	0	0	0	0	0
701	700.9	18.87	12	1188	0	0	0	0	0
702	701.9	14.83	11	1089	0	0	0	0	0
703	702.9	14.41	10	990	0	0	0	0	0
704	703.9	14.99	10	990	0	0	0	0	0
705	704.9	16.78	9	891	0	0	0	0	0
706	705.9	7.45	9	891	0	0	0	0	0
707	706.9	16.3	9	891	0	0	0	0	0
708	707.9	17.9	9	891	0	0	0	0	0
709	708.9	23.62	10	990	0	0	0	0	0
710	709.9	18.93	10	990	0	0	0	0	0
711	710.9	14.13	10	990	0	0	0	0	0
712	711.9	18.55	10	990	0	0	0	0	0
713	712.9	13.56	11	1089	0	0	0	0	0
714	713.9	23.02	11	1089	0	0	0	0	0
715	714.9	14.79	11	1089	0	0	0	0	0
716	715.9	16.74	11	1089	0	0	0	0	0
717	716.9	14.02	12	1188	0	0	0	0	0
718	717.9	24.03	12	1188	0	0	0	0	0
719	718.9	37.41	13	1287	0	0	0	0	0
720	719.9	26.2	13	1287	0	0	0	0	0
721	720.9	33.69	14	1386	0	0	0	0	0
722	721.9	20.31	14	1386	0	0	0	0	0
723	722.9	31.71	15	1485	0	0	0	0	0
724	723.9	30.42	15	1485	0	0	0	0	0
725	724.9	32.59	16	1584	0	0	0	0	0
726	725.9	23.87	15	1485	0	0	0	0	0
727	726.9	23.91	16	1584	0	0	0	0	0
728	727.9	23.66	17	1683	0	0	0	0	0
729	728.9	27.59	19	1881	0	0	0	0	0
730	729.9	23.85	20	1980	0	0	0	0	0
731	730.9	48.68	20	1980	0	0	0	0	0
732	731.9	22.48	20	1980	0	0	0	0	0
733	732.9	22.03	19	1881	0	0	0	0	0
734	733.9	26.5	18	1782	0	0	0	0	0
735	734.9	23.39	18	1782	0	0	0	0	0
736	735.9	20.38	19	1881	0	0	0	0	0
737	736.9	17.22	20	1980	0	0	0	0	0
738	737.9	19.86	21	2079	0	0	0	0	0
739	738.9	17.87	23	2277	0	0	0	0	0
740	739.9	19.45	24	2376	0	0	0	0	0
741	740.9	22.15	24	2376	0	0	0	0	0
742	741.9	31.31	29	2871	0	0	0	0	0
743	742.9	32.7	32	3168	0	0	0	0	0
744	743.9	19.07	36	3564	0	0	0	0	0
745	744.9	16.69	48	4752	0	0	0	0	0
746	745.9	18.26	55	5445	0	0	0	0	0
747	746.9	17.98	51	5049	0	0	0	0	0
748	747.9	14.41	47	4653	0	0	0	0	0
749	748.9	13.25	36	3564	0	0	0	0	0
750	749.9	20.76	29	2871	0	0	0	0	0
751	750.9	22	25	2475	0	0	0	0	0
752	751.9	15.87	21	2079	0	0	0	0	0
753	752.9	16.56	20	1980	0	0	0	0	0
754	753.9	12.98	19	1881	0	0	0	0	0
755	754.9	18.29	18	1782	0	0	0	0	0
756	755.9	22.77	17	1683	0	0	0	0	0
757	756.9	29.71	17	1683	0	0	0	0	0
758	757.9	28.65	18	1782	0	0	0	0	0
759	758.9	40.98	19	1881	0	0	0	0	0
760	759.9	22.92	18	1782	0	0	0	0	0
761	760.9	21.18	17	1683	0	0	0	0	0
762	761.9	39.67	16	1584	0	0	0	0	0
763	762.9	31.69	15	1485	0	0	0	0	0
764	763.9	21.98	15	1485	0	0	0	0	0
765	764.9	26.71	14	1386	0	0	0	0	0
766	765.9	23.49	14	1386	0	0	0	0	0
767	766.9	27.73	15	1485	0	0	0	0	0
768	767.9	23.89	16	1584	0	0	0	0	0
769	768.9	35.06	16	1584	0	0	0	0	0
770	769.9	28.64	15	1485	0	0	0	0	0
771	770.9	21.69	14	1386	0	0	0	0	0
772	771.9	21.15	15	1485	0	0	0	0	0
773	772.9	21.2	15	1485	0	0	0	0	0
774	773.9	26.89	16	1584	0	0	0	0	0
775	774.9	24.15	17	1683	0	0	0	0	0
776	775.9	26.56	18	1782	0	0	0	0	0
777	776.9	23.3	18	1782	0	0	0	0	0
778	777.9	20.61	17	1683	0	0	0	0	0
779	778.9	21.09	16	1584	0	0	0	0	0
780	779.9	19.08	15	1485	0	0	0	0	0
781	780.9	19.28	14	1386	0	0	0	0	0
782	781.9	21.4	14	1386	0	0	0	0	0
783	782.9	18.24	15	1485	0	0	0	0	0
784	783.9	16.76	15	1485	0	0	0	0	0
785	784.9	22.48	15	1485	0	0	0	0	0
786	785.9	25.5	16	1584	0	0	0	0	0
787	786.9	24.14	16	1584	0	0	0	0	0
788	787.9	22.52	17	1683	0	0	0	0	0
789	788.9	25.24	17	1683	0	0	0	0	0
790	789.9	26.46	18	1782	0	0	0	0	0
791	790.9	28.55	18	1782	0	0	0	0	0
792	791.9	34.95	19	1881	0	0	0	0	0
793	792.9	26.77	19	1881	0	0	0	0	0
794	793.9	24.85	18	1782	0	0	0	0	0
795	794.9	26.07	18	1782	0	0	0	0	0
796	795.9	24.6	18	1782	0	0	0	0	0
797	796.9	26.88	17	1683	0	0	0	0	0
798	797.9	23.69	18	1782	0	0	0	0	0
799	798.9	25.87	18	1782	0	0	0	0	0
800	799.9	22.79	19	1881	0	0	0	0	0
801	800.9	30.89	20	1980	0	0	0	0	0
802	801.9	26.87	21	2079	0	0	0	0	0
803	802.9	23.01	22	2178	0	0	0	0	0
804	803.9	30.76	25	2475	0	0	0	0	0
805	804.9	24.29	28	2772	0	0	0	0	0
806	805.9	18.59	30	2970	0	0	0	0	0
807	806.9	23.47	31	3069	0	0	0	0	0
808	807.9	22.74	31	3069	0	0	0	0	0
809	808.9	19.98	29	2871	0	0	0	0	0
810	809.9	15.95	27	2673	0	0	0	0	0
811	810.9	33.88	25	2475	0	0	0	0	0
812	811.9	30.5	21	2079	0	0	0	0	0
813	812.9	39.52	20	1980	0	0	0	0	0
814	813.9	26.2	19	1881	0	0	0	0	0
815	814.9	23.51	18	1782	0	0	0	0	0
816	815.9	24	15	1485	0	0	0	0	0
817	816.9	30.3	14	1386	0	0	0	0	0
818	817.9	29.55	13	1287	0	0	0	0	0
819	818.9	23.25	14	1386	0	0	0	0	0
820	819.9	22.27	15	1485	0	0	0	0	0
821	820.9	26.79	16	1584	0	0	0	0	0
822	821.9	17.49	17	1683	0	0	0	0	0
823	822.9	19.5	17	1683	0	0	0	0	0
824	823.9	20.68	18	1782	0	0	0	0	0
825	824.9	24.08	18	1782	0	0	0	0	0
826	825.9	18.44	18	1782	0	0	0	0	0
827	826.9	25.56	17	1683	0	0	0	0	0
828	827.9	23.31	17	1683	0	0	0	0	0
829	828.9	31.31	18	1782	0	0	0	0	0
830	829.9	25.5	17	1683	0	0	0	0	0
831	830.9	24.17	18	1782	0	0	0	0	0
832	831.9	28.64	19	1881	0	0	0	0	0
833	832.9	22.75	19	1881	0	0	0	0	0
834	833.9	31.42	21	2079	0	0	0	0	0
835	834.9	30.37	20	1980	0	0	0	0	0
836	835.9	32.52	21	2079	0	0	0	0	0
837	836.9	40.14	23	2277	0	0	0	0	0
838	837.9	28.26	24	2376	0	0	0	0	0
839	838.9	25	23	2277	0	0	0	0	0
840	839.9	29.5	23	2277	0	0	0	0	0
841	840.9	21.92	24	2376	0	0	0	0	0
842	841.9	20.23	25	2475	0	0	0	0	0
843	842.9	51.3	30	2970	0	0	0	0	0
844	843.9	74.91	34	3366	0	0	0	0	0
845	844.9	50.46	29	2871	0	0	0	0	0
846	845.9	83.54	28	2772	0	0	0	0	0
847	846.9	69.05	27	2673	0	0	0	0	0
848	847.9	18.66	28	2772	0	0	0	0	0
849	848.9	56.47	29	2871	0	0	0	0	0
850	849.9	59.38	29	2871	0	0	0	0	0
851	850.9	24.74	30	2970	0	0	0	0	0
852	851.9	80.6	29	2871	0	0	0	0	0
853	852.9	12.39	28	2772	0	0	0	0	0
854	853.9	12.3	25	2475	0	0	0	0	0
855	854.9	14.1	20	1980	0	0	0	0	0
856	855.9	20.87	19	1881	0	0	0	0	0
857	856.9	28.39	18	1782	0	0	0	0	0
858	857.9	23.18	18	1782	0	0	0	0	0
859	858.9	24.87	19	1881	0	0	0	0	0
860	859.9	32.91	19	1881	0	0	0	0	0
861	860.9	17.19	19	1881	0	0	0	0	0
862	861.9	20.67	19	1881	0	0	0	0	0
863	862.9	31.63	20	1980	0	0	0	0	0
864	863.9	24	19	1881	0	0	0	0	0
865	864.9	24.64	18	1782	0	0	0	0	0
866	865.9	42.85	18	1782	0	0	0	0	0
867	866.9	58.73	17	1683	0	0	0	0	0
868	867.9	32.01	17	1683	0	0	0	0	0
869	868.9	27.6	18	1782	0	0	0	0	0
870	869.9	25.45	19	1881	0	0	0	0	0
871	870.9	63.84	18	1782	0	0	0	0	0
872	871.9	63.65	18	1782	0	0	0	0	0
873	872.9	43.88	17	1683	0	0	0	0	0
874	873.9	62.31	16	1584	0	0	0	0	0
875	874.9	35.61	15	1485	0	0	0	0	0
876	875.9	39.87	14	1386	0	0	0	0	0
877	876.9	38.63	14	1386	0	0	0	0	0
878	877.9	70.69	13	1287	0	0	0	0	0
879	878.9	43.65	12	1188	0	0	0	0	0
880	879.9	37.92	11	1089	0	0	0	0	0
881	880.9	56.56	10	990	0	0	0	0	0
882	881.9	72.99	10	990	0	0	0	0	0
883	882.9	57.79	10	990	0	0	0	0	0
884	883.9	30.83	10	990	0	0	0	0	0
885	884.9	39.82	9	891	0	0	0	0	0
886	885.9	48.39	9	891	0	0	0	0	0
887	886.9	47.86	9	891	0	0	0	0	0
888	887.9	38.43	8	792	0	0	0	0	0
889	888.9	46.73	8	792	0	0	0	0	0
890	889.9	39.26	7	693	0	0	0	0	0
891	890.9	39.1	7	693	0	0	0	0	0
892	891.9	31.74	6	594	0	0	0	0	0
893	892.9	44.83	6	594	0	0	0	0	0
894	893.9	24.46	6	594	0	0	0	0	0
895	894.9	59.34	6	594	0	0	0	0	0
896	895.9	67.43	7	693	0	0	0	0	0
897	896.9	63.59	7	693	0	0	0	0	0
898	897.9	41.07	6	594	0	0	0	0	0
899	898.9	21.3	6	594	0	0	0	0	0
900	899.9	18.91	7	693	0	0	0	0	0
901	900.9	48.96	5	495	0	0	0	0	0
902	901.9	64.84	5	495	0	0	0	0	0
903	902.9	76.1	5	495	0	0	0	0	0
904	903.9	52.61	5	495	0	0	0	0	0
905	904.9	41.33	5	495	0	0	0	0	0
906	905.9	60.11	5	495	0	0	0	0	0
907	906.9	45.09	5	495	0	0	0	0	0
908	907.9	41.98	5	495	0	0	0	0	0
909	908.9	60.22	5	495	0	0	0	0	0
910	909.9	46.98	5	495	0	0	0	0	0
911	910.9	51.6	4	396	0	0	0	0	0
912	911.9	46.3	4	396	0	0	0	0	0
913	912.9	28.45	4	396	0	0	0	0	0
914	913.9	30.85	4	396	0	0	0	0	0
915	914.9	37	3	297	0	0	0	0	0
916	915.9	36.22	3	297	0	0	0	0	0
917	916.9	53.98	4	396	0	0	0	0	0
918	917.9	49.23	5	495	0	0	0	0	0
919	918.9	49.65	5	495	0	0	0	0	0
920	919.9	48.8	5	495	0	0	0	0	0
921	920.9	43.93	4	396	0	0	0	0	0
922	921.9	45.82	4	396	0	0	0	0	0
923	922.9	39.07	4	396	0	0	0	0	0
924	923.9	50.54	5	495	0	0	0	0	0
925	924.9	33.32	6	594	0	0	0	0	0
926	925.9	30.34	6	594	0	0	0	0	0
927	926.9	30.03	6	594	0	0	0	0	0
928	927.9	91.62	7	693	0	0	0	0	0
929	928.9	78.69	6	594	0	0	0	0	0
930	929.9	60.56	6	594	0	0	0	0	0
931	930.9	53.56	6	594	0	0	0	0	0
932	931.9	68.26	6	594	0	0	0	0	0
933	932.9	49.92	5	495	0	0	0	0	0
934	933.9	44.18	5	495	0	0	0	0	0
935	934.9	31.35	5	495	0	0	0	0	0
936	935.9	38.3	5	495	0	0	0	0	0
937	936.9	31.18	5	495	0	0	0	0	0
938	937.9	41.2	5	495	0	0	0	0	0
939	938.9	22.93	7	693	0	0	0	0	0
940	939.9	30.79	7	693	0	0	0	0	0
941	940.9	20.99	6	594	0	0	0	0	0
942	941.9	26.43	5	495	0	0	0	0	0
943	942.9	32.81	5	495	0	0	0	0	0
944	943.9	25.28	6	594	0	0	0	0	0
945	944.9	40.77	6	594	0	0	0	0	0
946	945.9	36.38	6	594	0	0	0	0	0
947	946.9	29.39	5	495	0	0	0	0	0
948	947.9	25.66	5	495	0	0	0	0	0
949	948.9	21.47	5	495	0	0	0	0	0
950	949.9	32.39	4	396	0	0	0	0	0
951	950.9	30.88	4	396	0	0	0	0	0
952	951.9	33.37	4	396	0	0	0	0	0
953	952.9	34.4	4	396	0	0	0	0	0
954	953.9	32.52	4	396	0	0	0	0	0
955	954.9	79.94	3	297	0	0	0	0	0
956	955.9	32.44	3	297	0	0	0	0	0
957	956.9	80.79	3	297	0	0	0	0	0
958	957.9	115.64	3	297	0	0	0	0	0
959	958.9	140.38	3	297	0	0	0	0	0
960	959.9	56.27	3	297	0	0	0	0	0
961	960.9	26.89	3	297	0	0	0	0	0
962	961.9	27.02	4	396	0	0	0	0	0
963	962.9	43.58	4	396	0	0	0	0	0
964	963.9	50.6	4	396	0	0	0	0	0
965	964.9	29.87	4	396	0	0	0	0	0
966	965.9	19.24	5	495	0	0	0	0	0
967	966.9	19.45	5	495	0	0	0	0	0
968	967.9	22.61	6	594	0	0	0	0	0
969	968.9	24.7	6	594	0	0	0	0	0
970	969.9	23.74	6	594	0	0	0	0	0
971	970.9	20.36	5	495	0	0	0	0	0
972	971.9	24.34	5	495	0	0	0	0	0
973	972.9	39.52	4	396	0	0	0	0	0
974	973.9	27.48	5	495	0	0	0	0	0
975	974.9	37.5	5	495	0	0	0	0	0
976	975.9	15.76	6	594	0	0	0	0	0
977	976.9	37.66	5	495	0	0	0	0	0
978	977.9	43.89	5	495	0	0	0	0	0
979	978.9	43.06	5	495	0	0	0	0	0
980	979.9	21.79	4	396	0	0	0	0	0
981	980.9	26.59	4	396	0	0	0	0	0
982	981.9	24.9	4	396	0	0	0	0	0
983	982.9	25.43	4	396	0	0	0	0	0
984	983.9	44.81	4	396	0	0	0	0	0
985	984.9	26.61	3	297	0	0	0	0	0
986	985.9	27.14	3	297	0	0	0	0	0
987	986.9	32.56	3	297	0	0	0	0	0
988	987.9	41.51	4	396	0	0	0	0	0
989	988.9	37.78	4	396	0	0	0	0	0
990	989.9	38.21	4	396	0	0	0	0	0
991	990.9	40.25	4	396	0	0	0	0	0
992	991.9	32.97	3	297	0	0	0	0	0
993	992.9	37.98	3	297	0	0	0	0	0
994	993.9	34.85	4	396	0	0	0	0	0
995	994.9	30.15	5	495	0	0	0	0	0
996	995.9	48.95	6	594	0	0	0	0	0
997	996.9	47.87	8	792	0	0	0	0	0
998	997.9	30.33	8	792	0	0	0	0	0
999	998.9	17.55	9	891	0	0	0	0	0
1000	999.9	16.81	10	990	0	0	0	0	0
1001	1000.9	16.66	10	990	0	0	0	0	0
1002	1001.9	30.04	13	1287	0	0	0	0	0
1003	1002.9	25.52	13	1287	0	0	0	0	0
1004	1003.9	28.69	14	1386	0	0	0	0	0
1005	1004.9	30.04	15	1485	0	0	0	0	0
1006	1005.9	42.3	16	1584	0	0	0	0	0
1007	1006.9	106.68	22	2178	0	0	0	0	0
1008	1007.9	82.92	25	2475	0	0	0	0	0
1009	1008.9	62.16	22	2178	0	0	0	0	0
1010	1009.9	42.87	20	1980	0	0	0	0	0
1011	1010.9	30.89	22	2178	0	0	0	0	0
1012	1011.9	30.55	22	2178	0	0	0	0	0
1013	1012.9	59.22	24	2376	0	0	0	0	0
1014	1013.9	57.95	24	2376	0	0	0	0	0
1015	1014.9	50.32	24	2376	0	0	0	0	0
1016	1015.9	73.48	25	2475	0	0	0	0	0
1017	1016.9	73.73	26	2574	0	0	0	0	0
1018	1017.9	68.72	28	2772	0	0	0	0	0
1019	1018.9	53.86	29	2871	0	0	0	0	0
1020	1019.9	84.6	30	2970	0	0	0	0	0
1021	1020.9	75.96	34	3366	0	0	0	0	0
1022	1021.9	60.87	36	3564	0	0	0	0	0
1023	1022.9	63.8	38	3762	0	0	0	0	0
1024	1023.9	61.06	39	3861	0	0	0	0	0
1025	1024.9	53.06	40	3960	0	0	0	0	0
1026	1025.9	37.69	41	4059	0	0	0	0	0
1027	1026.9	52.29	41	4059	0	0	0	0	0
1028	1027.9	47.56	42	4158	0	0	0	0	0
1029	1028.9	61.52	43	4257	0	0	0	0	0
1030	1029.9	108.63	43	4257	0	0	0	0	0
1031	1030.9	66.98	42	4158	0	0	0	0	0
1032	1031.9	50.65	42	4158	0	0	0	0	0
1033	1032.9	86.19	43	4257	0	0	0	0	0
1034	1033.9	95.86	44	4356	0	0	0	0	0
1035	1034.9	68.07	46	4554	0	0	0	0	0
1036	1035.9	69.88	49	4851	0	0	0	0	0
1037	1036.9	46.18	53	5247	0	0	0	0	0
1038	1037.9	36.39	49	4851	0	0	0	0	0
1039	1038.9	27.93	48	4752	0	0	0	0	0
1040	1039.9	75.45	47	4653	0	0	0	0	0
1041	1040.9	90.44	45	4455	0	0	0	0	0
1042	1041.9	68.47	40	3960	0	0	0	0	0
1043	1042.9	110.73	38	3762	0	0	0	0	0
1044	1043.9	120.23	31	3069	0	0	0	0	0
1045	1044.9	81.14	28	2772	0	0	0	0	0
1046	1045.9	54.08	27	2673	0	0	0	0	0
1047	1046.9	60.18	26	2574	0	0	0	0	0
1048	1047.9	60.1	26	2574	0	0	0	0	0
1049	1048.9	57.45	27	2673	0	0	0	0	0
1050	1049.9	64.9	28	2772	0	0	0	0	0
1051	1050.9	116.66	29	2871	0	0	0	0	0
1052	1051.9	131.88	30	2970	0	0	0	0	0
1053	1052.9	38.98	31	3069	0	0	0	0	0
1054	1053.9	59.62	35	3465	0	0	0	0	0
1055	1054.9	82.75	36	3564	0	0	0	0	0
1056	1055.9	68.7	35	3465	0	0	0	0	0
1057	1056.9	64.94	32	3168	0	0	0	0	0
1058	1057.9	56.17	30	2970	0	0	0	0	0
1059	1058.9	55.91	29	2871	0	0	0	0	0
1060	1059.9	30.28	28	2772	0	0	0	0	0
1061	1060.9	30.97	30	2970	0	0	0	0	0
1062	1061.9	31.03	32	3168	0	0	0	0	0
1063	1062.9	46.32	35	3465	0	0	0	0	0
1064	1063.9	24.84	30	2970	0	0	0	0	0
1065	1064.9	22.63	28	2772	0	0	0	0	0
1066	1065.9	22.12	27	2673	0	0	0	0	0
1067	1066.9	19.64	25	2475	0	0	0	0	0
1068	1067.9	18.16	24	2376	0	0	0	0	0
1069	1068.9	24.63	24	2376	0	0	0	0	0
1070	1069.9	20.19	25	2475	0	0	0	0	0
1071	1070.9	19.83	26	2574	0	0	0	0	0
1072	1071.9	54.22	27	2673	0	0	0	0	0
1073	1072.9	21.04	26	2574	0	0	0	0	0
1074	1073.9	20.79	25	2475	0	0	0	0	0
1075	1074.9	32.57	24	2376	0	0	0	0	0
1076	1075.9	22.82	24	2376	0	0	0	0	0
1077	1076.9	30.36	25	2475	0	0	0	0	0
1078	1077.9	21.75	26	2574	0	0	0	0	0
1079	1078.9	27.05	25	2475	0	0	0	0	0
1080	1079.9	16.69	24	2376	0	0	0	0	0
1081	1080.9	36.12	25	2475	0	0	0	0	0
1082	1081.9	27.45	26	2574	0	0	0	0	0
1083	1082.9	28.63	37	3663	0	0	0	0	0
1084	1083.9	30.37	86	8514	0	0	0	0	0
1085	1084.9	25.46	242	23958	0	0	0	0	0
1086	1085.9	21.47	279	27621	0	0	0	0	0
1087	1086.9	27.23	256	25344	0	0	0	0	0
1088	1087.9	23.01	210	20790	0	0	0	0	0
1089	1088.9	23.72	186	18414	0	0	0	0	0
1090	1089.9	21.05	117	11583	0	0	0	0	0
1091	1090.9	16.56	84	8316	0	0	0	0	0
1092	1091.9	14.87	71	7029	0	0	0	0	0
1093	1092.9	18.85	63	6237	0	0	0	0	0
1094	1093.9	17.64	52	5148	0	0	0	0	0
1095	1094.9	19.2	49	4851	0	0	0	0	0
1096	1095.9	16.49	45	4455	0	0	0	0	0
1097	1096.9	22.03	41	4059	0	0	0	0	0
1098	1097.9	22.99	38	3762	0	0	0	0	0
1099	1098.9	28.45	37	3663	0	0	0	0	0
1100	1099.9	16.87	36	3564	0	0	0	0	0
1101	1100.9	28.48	34	3366	0	0	0	0	0
1102	1101.9	35.2	31	3069	0	0	0	0	0
1103	1102.9	150.1	31	3069	0	0	0	0	0
1104	1103.9	95.72	29	2871	0	0	0	0	0
1105	1104.9	95.72	29	2871	0	0	0	0	0
1106	1105.9	127.63	28	2772	0	0	0	0	0
1107	1106.9	95.72	27	2673	0	0	0	0	0
1108	1107.9	127.63	26	2574	0	0	0	0	0
1109	1108.9	127.63	24	2376	0	0	0	0	0
1110	1109.9	159.53	23	2277	0	0	0	0	0
1111	1110.9	68.24	20	1980	0	0	0	0	0
1112	1111.9	20.95	19	1881	0	0	0	0	0
1113	1112.9	20.08	17	1683	0	0	0	0	0
1114	1113.9	18.86	16	1584	0	0	0	0	0
1115	1114.9	21.28	15	1485	0	0	0	0	0
1116	1115.9	13.11	14	1386	0	0	0	0	0
1117	1116.9	22.81	15	1485	0	0	0	0	0
1118	1117.9	21.15	15	1485	0	0	0	0	0
1119	1118.9	12.79	14	1386	0	0	0	0	0
1120	1119.9	21.66	13	1287	0	0	0	0	0
1121	1120.9	27.31	12	1188	0	0	0	0	0
1122	1121.9	15.91	12	1188	0	0	0	0	0
1123	1122.9	21.91	11	1089	0	0	0	0	0
1124	1123.9	29.35	11	1089	0	0	0	0	0
1125	1124.9	26.26	11	1089	0	0	0	0	0
1126	1125.9	30.58	12	1188	0	0	0	0	0
1127	1126.9	30.13	13	1287	0	0	0	0	0
1128	1127.9	16.51	15	1485	0	0	0	0	0
1129	1128.9	42.48	15	1485	0	0	0	0	0
1130	1129.9	36.17	14	1386	0	0	0	0	0
1131	1130.9	42.77	13	1287	0	0	0	0	0
1132	1131.9	32.34	12	1188	0	0	0	0	0
1133	1132.9	17.92	12	1188	0	0	0	0	0
1134	1133.9	22.71	12	1188	0	0	0	0	0
1135	1134.9	47.55	13	1287	0	0	0	0	0
1136	1135.9	21.17	13	1287	0	0	0	0	0
1137	1136.9	33.29	14	1386	0	0	0	0	0
1138	1137.9	27.04	15	1485	0	0	0	0	0
1139	1138.9	34.95	15	1485	0	0	0	0	0
1140	1139.9	36.06	17	1683	0	0	0	0	0
1141	1140.9	47.71	17	1683	0	0	0	0	0
1142	1141.9	25.91	19	1881	0	0	0	0	0
1143	1142.9	24.93	26	2574	0	0	0	0	0
1144	1143.9	28.93	31	3069	0	0	0	0	0
1145	1144.9	27.58	34	3366	0	0	0	0	0
1146	1145.9	29.14	39	3861	0	0	0	0	0
1147	1146.9	31.52	40	3960	0	0	0	0	0
1148	1147.9	49.46	39	3861	0	0	0	0	0
1149	1148.9	43.71	38	3762	0	0	0	0	0
1150	1149.9	44.82	39	3861	0	0	0	0	0
1151	1150.9	35.12	42	4158	0	0	0	0	0
1152	1151.9	47.73	49	4851	0	0	0	0	0
1153	1152.9	48.78	56	5544	0	0	0	0	0
1154	1153.9	41.92	63	6237	0	0	0	0	0
1155	1154.9	32.27	62	6138	0	0	0	0	0
1156	1155.9	32.31	61	6039	0	0	0	0	0
1157	1156.9	34.67	59	5841	0	0	0	0	0
1158	1157.9	23.93	57	5643	0	0	0	0	0
1159	1158.9	94.97	51	5049	0	0	0	0	0
1160	1159.9	60.37	40	3960	0	0	0	0	0
1161	1160.9	41.54	33	3267	0	0	0	0	0
1162	1161.9	51.29	31	3069	0	0	0	0	0
1163	1162.9	63.65	29	2871	0	0	0	0	0
1164	1163.9	57.25	29	2871	0	0	0	0	0
1165	1164.9	33.74	28	2772	0	0	0	0	0
1166	1165.9	45.45	27	2673	0	0	0	0	0
1167	1166.9	44.91	24	2376	0	0	0	0	0
1168	1167.9	71.79	22	2178	0	0	0	0	0
1169	1168.9	33.03	21	2079	0	0	0	0	0
1170	1169.9	43.93	22	2178	0	0	0	0	0
1171	1170.9	48	22	2178	0	0	0	0	0
1172	1171.9	64.86	21	2079	0	0	0	0	0
1173	1172.9	32.99	22	2178	0	0	0	0	0
1174	1173.9	25.26	23	2277	0	0	0	0	0
1175	1174.9	32.5	22	2178	0	0	0	0	0
1176	1175.9	33.34	22	2178	0	0	0	0	0
1177	1176.9	41.8	21	2079	0	0	0	0	0
1178	1177.9	30.94	22	2178	0	0	0	0	0
1179	1178.9	32.22	21	2079	0	0	0	0	0
1180	1179.9	30.21	23	2277	0	0	0	0	0
1181	1180.9	43.46	24	2376	0	0	0	0	0
1182	1181.9	45.5	25	2475	0	0	0	0	0
1183	1182.9	53.69	27	2673	0	0	0	0	0
1184	1183.9	43.59	30	2970	0	0	0	0	0
1185	1184.9	33.28	31	3069	0	0	0	0	0
1186	1185.9	44.35	34	3366	0	0	0	0	0
1187	1186.9	32.97	32	3168	0	0	0	0	0
1188	1187.9	83.7	31	3069	0	0	0	0	0
1189	1188.9	37.76	27	2673	0	0	0	0	0
1190	1189.9	43.81	24	2376	0	0	0	0	0
1191	1190.9	47.4	21	2079	0	0	0	0	0
1192	1191.9	32.49	19	1881	0	0	0	0	0
1193	1192.9	25.34	18	1782	0	0	0	0	0
1194	1193.9	29.01	17	1683	0	0	0	0	0
1195	1194.9	40.33	17	1683	0	0	0	0	0
1196	1195.9	26.94	18	1782	0	0	0	0	0
1197	1196.9	32.18	17	1683	0	0	0	0	0
1198	1197.9	32.5	16	1584	0	0	0	0	0
1199	1198.9	38.02	15	1485	0	0	0	0	0
1200	1199.9	37.39	14	1386	0	0	0	0	0
1201	1200.9	83.59	13	1287	0	0	0	0	0
1202	1201.9	41.51	13	1287	0	0	0	0	0
1203	1202.9	42.6	14	1386	0	0	0	0	0
1204	1203.9	57.96	14	1386	0	0	0	0	0
1205	1204.9	68.21	16	1584	0	0	0	0	0
1206	1205.9	60.35	17	1683	0	0	0	0	0
1207	1206.9	65.65	18	1782	0	0	0	0	0
1208	1207.9	56.37	20	1980	0	0	0	0	0
1209	1208.9	56.95	18	1782	0	0	0	0	0
1210	1209.9	54.2	17	1683	0	0	0	0	0
1211	1210.9	48.5	15	1485	0	0	0	0	0
1212	1211.9	29.41	14	1386	0	0	0	0	0
1213	1212.9	38.56	13	1287	0	0	0	0	0
1214	1213.9	40.63	12	1188	0	0	0	0	0
1215	1214.9	29.65	11	1089	0	0	0	0	0
1216	1215.9	25.02	10	990	0	0	0	0	0
1217	1216.9	25.34	10	990	0	0	0	0	0
1218	1217.9	40	10	990	0	0	0	0	0
1219	1218.9	31.46	9	891	0	0	0	0	0
1220	1219.9	36.17	9	891	0	0	0	0	0
1221	1220.9	28.38	8	792	0	0	0	0	0
1222	1221.9	22.34	9	891	0	0	0	0	0
1223	1222.9	16.24	9	891	0	0	0	0	0
1224	1223.9	25.64	10	990	0	0	0	0	0
1225	1224.9	22.06	10	990	0	0	0	0	0
1226	1225.9	21.5	10	990	0	0	0	0	0
1227	1226.9	65.61	10	990	0	0	0	0	0
1228	1227.9	47.87	11	1089	0	0	0	0	0
1229	1228.9	47.56	12	1188	0	0	0	0	0
1230	1229.9	49.2	11	1089	0	0	0	0	0
1231	1230.9	52.07	11	1089	0	0	0	0	0
1232	1231.9	28.4	12	1188	0	0	0	0	0
1233	1232.9	21.43	12	1188	0	0	0	0	0
1234	1233.9	58.73	11	1089	0	0	0	0	0
1235	1234.9	42.92	10	990	0	0	0	0	0
1236	1235.9	46.75	10	990	0	0	0	0	0
1237	1236.9	51.66	11	1089	0	0	0	0	0
1238	1237.9	57.86	14	1386	0	0	0	0	0
1239	1238.9	37.51	16	1584	0	0	0	0	0
1240	1239.9	24.68	22	2178	0	0	0	0	0
1241	1240.9	18	24	2376	0	0	0	0	0
1242	1241.9	32.03	21	2079	0	0	0	0	0
1243	1242.9	32.66	19	1881	0	0	0	0	0
1244	1243.9	24.87	17	1683	0	0	0	0	0
1245	1244.9	22.32	15	1485	0	0	0	0	0
1246	1245.9	33.07	14	1386	0	0	0	0	0
1247	1246.9	22.12	12	1188	0	0	0	0	0
1248	1247.9	18.67	11	1089	0	0	0	0	0
1249	1248.9	17.69	10	990	0	0	0	0	0
1250	1249.9	24.05	9	891	0	0	0	0	0
1251	1250.9	25.82	9	891	0	0	0	0	0
1252	1251.9	26.66	8	792	0	0	0	0	0
1253	1252.9	18.94	7	693	0	0	0	0	0
1254	1253.9	14.45	6	594	0	0	0	0	0
1255	1254.9	15.48	6	594	0	0	0	0	0
1256	1255.9	21.64	7	693	0	0	0	0	0
1257	1256.9	20.25	7	693	0	0	0	0	0
1258	1257.9	24.83	8	792	0	0	0	0	0
1259	1258.9	21.46	8	792	0	0	0	0	0
1260	1259.9	24.62	9	891	0	0	0	0	0
1261	1260.9	26.18	9	891	0	0	0	0	0
1262	1261.9	41.86	10	990	0	0	0	0	0
1263	1262.9	69.61	11	1089	0	0	0	0	0
1264	1263.9	63.9	12	1188	0	0	0	0	0
1265	1264.9	89.29	19	1881	0	0	0	0	0
1266	1265.9	108.61	25	2475	0	0	0	0	0
1267	1266.9	85.9	28	2772	0	0	0	0	0
1268	1267.9	33.33	27	2673	0	0	0	0	0
1269	1268.9	22.63	29	2871	0	0	0	0	0
1270	1269.9	22.12	35	3465	0	0	0	0	0
1271	1270.9	22.48	38	3762	0	0	0	0	0
1272	1271.9	27.15	95	9405	0	0	0	0	0
1273	1272.9	32.37	163	16137	0	0	0	0	0
1274	1273.9	22.47	227	22473	0	0	0	0	0
1275	1274.9	24.74	337	33363	0	0	0	0	0
1276	1275.9	14.55	380	37620	0	0	0	0	0
1277	1276.9	19.11	372	36828	0	0	0	0	0
1278	1277.9	17.32	350	34650	0	0	0	0	0
1279	1278.9	21.76	286	28314	0	0	0	0	0
1280	1279.9	21.57	241	23859	0	0	0	0	0
1281	1280.9	18.57	184	18216	0	0	0	0	0
1282	1281.9	16.84	103	10197	0	0	0	0	0
1283	1282.9	28.23	76	7524	0	0	0	0	0
1284	1283.9	20.49	51	5049	0	0	0	0	0
1285	1284.9	28.66	35	3465	0	0	0	0	0
1286	1285.9	36.55	31	3069	0	0	0	0	0
1287	1286.9	34.37	28	2772	0	0	0	0	0
1288	1287.9	42.86	25	2475	0	0	0	0	0
1289	1288.9	35.7	26	2574	0	0	0	0	0
1290	1289.9	42.31	32	3168	0	0	0	0	0
1291	1290.9	51.53	36	3564	0	0	0	0	0
1292	1291.9	29.48	42	4158	0	0	0	0	0
1293	1292.9	34.8	47	4653	0	0	0	0	0
1294	1293.9	30.73	52	5148	0	0	0	0	0
1295	1294.9	26.92	49	4851	0	0	0	0	0
1296	1295.9	26.07	47	4653	0	0	0	0	0
1297	1296.9	28.27	42	4158	0	0	0	0	0
1298	1297.9	34.1	39	3861	0	0	0	0	0
1299	1298.9	25	37	3663	0	0	0	0	0
1300	1299.9	34.61	36	3564	0	0	0	0	0
1301	1300.9	35.09	36	3564	0	0	0	0	0
1302	1301.9	21.31	35	3465	0	0	0	0	0
1303	1302.9	33.71	32	3168	0	0	0	0	0
1304	1303.9	76.77	30	2970	0	0	0	0	0
1305	1304.9	87.29	28	2772	0	0	0	0	0
1306	1305.9	49.47	29	2871	0	0	0	0	0
1307	1306.9	52.69	38	3762	0	0	0	0	0
1308	1307.9	49.8	66	6534	0	0	0	0	0
1309	1308.9	40.27	133	13167	0	0	0	0	0
1310	1309.9	46.66	205	20295	0	0	0	0	0
1311	1310.9	36.4	440	43560	0	0	0	0	0
1312	1311.9	34.87	708	70092	0	0	0	0	0
1313	1312.9	28.63	510	50490	0	0	0	0	0
1314	1313.9	34.93	245	24255	0	0	0	0	0
1315	1314.9	29.98	178	17622	0	0	0	0	0
1316	1315.9	18.95	169	16731	0	0	0	0	0
1317	1316.9	6.83	162	16038	0	0	0	0	0
1318	1317.9	14.17	167	16533	0	0	0	0	0
1319	1318.9	19.88	171	16929	0	0	0	0	0
1320	1319.9	19.48	174	17226	0	0	0	0	0
1321	1320.9	25.07	179	17721	0	0	0	0	0
1322	1321.9	13.42	181	17919	0	0	0	0	0
1323	1322.9	13.25	189	18711	0	0	0	0	0
1324	1323.9	13.36	190	18810	0	0	0	0	0
1325	1324.9	14.75	208	20592	0	0	0	0	0
1326	1325.9	18.56	216	21384	0	0	0	0	0
1327	1326.9	17.97	229	22671	0	0	0	0	0
1328	1327.9	20.3	238	23562	0	0	0	0	0
1329	1328.9	14.71	246	24354	0	0	0	0	0
1330	1329.9	16.09	259	25641	0	0	0	0	0
1331	1330.9	28.06	278	27522	0	0	0	0	0
1332	1331.9	83.4	280	27720	0	0	0	0	0
1333	1332.9	28.46	257	25443	0	0	0	0	0
1334	1333.9	50.29	243	24057	0	0	0	0	0
1335	1334.9	27.63	243	24057	0	0	0	0	0
1336	1335.9	30.6	238	23562	0	0	0	0	0
1337	1336.9	46.77	235	23265	0	0	0	0	0
1338	1337.9	23.02	228	22572	0	0	0	0	0
1339	1338.9	21.5	218	21582	0	0	0	0	0
1340	1339.9	23.8	215	21285	0	0	0	0	0
1341	1340.9	25.29	210	20790	0	0	0	0	0
1342	1341.9	24.32	209	20691	0	0	0	0	0
1343	1342.9	36.65	209	20691	0	0	0	0	0
1344	1343.9	63.34	201	19899	0	0	0	0	0
1345	1344.9	60.15	196	19404	0	0	0	0	0
1346	1345.9	41.03	185	18315	0	0	0	0	0
1347	1346.9	86.41	178	17622	0	0	0	0	0
1348	1347.9	46.87	171	16929	0	0	0	0	0
1349	1348.9	57.87	165	16335	0	0	0	0	0
1350	1349.9	53.31	163	16137	0	0	0	0	0
1351	1350.9	40.66	152	15048	0	0	0	0	0
1352	1351.9	66.22	135	13365	0	0	0	0	0
1353	1352.9	43.65	129	12771	0	0	0	0	0
1354	1353.9	71.62	121	11979	0	0	0	0	0
1355	1354.9	23.96	120	11880	0	0	0	0	0
1356	1355.9	26.63	114	11286	0	0	0	0	0
1357	1356.9	53.96	112	11088	0	0	0	0	0
1358	1357.9	66.73	110	10890	0	0	0	0	0
1359	1358.9	63.61	102	10098	0	0	0	0	0
1360	1359.9	29.71	101	9999	0	0	0	0	0
1361	1360.9	50.5	98	9702	0	0	0	0	0
1362	1361.9	22.74	96	9504	0	0	0	0	0
1363	1362.9	30.82	94	9306	0	0	0	0	0
1364	1363.9	30.74	92	9108	0	0	0	0	0
1365	1364.9	26.77	82	8118	0	0	0	0	0
1366	1365.9	16.97	74	7326	0	0	0	0	0
1367	1366.9	19.58	63	6237	0	0	0	0	0
1368	1367.9	25.78	62	6138	0	0	0	0	0
1369	1368.9	20.38	50	4950	0	0	0	0	0
1370	1369.9	20.05	48	4752	0	0	0	0	0
1371	1370.9	19.91	39	3861	0	0	0	0	0
1372	1371.9	22.08	32	3168	0	0	0	0	0
1373	1372.9	13.39	29	2871	0	0	0	0	0
1374	1373.9	18.05	25	2475	0	0	0	0	0
1375	1374.9	20.26	23	2277	0	0	0	0	0
1376	1375.9	20.41	21	2079	0	0	0	0	0
1377	1376.9	14.62	20	1980	0	0	0	0	0
1378	1377.9	22.28	20	1980	0	0	0	0	0
1379	1378.9	16.11	19	1881	0	0	0	0	0
1380	1379.9	21.66	18	1782	0	0	0	0	0
1381	1380.9	18.18	18	1782	0	0	0	0	0
1382	1381.9	21.99	17	1683	0	0	0	0	0
1383	1382.9	17.51	16	1584	0	0	0	0	0
1384	1383.9	17.8	15	1485	0	0	0	0	0
1385	1384.9	16.43	16	1584	0	0	0	0	0
1386	1385.9	16.05	17	1683	0	0	0	0	0
1387	1386.9	56.84	19	1881	0	0	0	0	0
1388	1387.9	10.77	21	2079	0	0	0	0	0
1389	1388.9	18.68	22	2178	0	0	0	0	0
1390	1389.9	26.79	25	2475	0	0	0	0	0
1391	1390.9	22.24	26	2574	0	0	0	0	0
1392	1391.9	50.93	27	2673	0	0	0	0	0
1393	1392.9	82.55	27	2673	0	0	0	0	0
1394	1393.9	56.59	28	2772	0	0	0	0	0
1395	1394.9	49.98	29	2871	0	0	0	0	0
1396	1395.9	32.15	33	3267	0	0	0	0	0
1397	1396.9	34.9	35	3465	0	0	0	0	0
1398	1397.9	43.45	29	2871	0	0	0	0	0
1399	1398.9	50.46	28	2772	0	0	0	0	0
1400	1399.9	47.31	27	2673	0	0	0	0	0
1401	1400.9	33.69	27	2673	0	0	0	0	0
1402	1401.9	19.86	26	2574	0	0	0	0	0
1403	1402.9	12.48	26	2574	0	0	0	0	0
1404	1403.9	72.75	25	2475	0	0	0	0	0
1405	1404.9	98.48	24	2376	0	0	0	0	0
1406	1405.9	75.77	23	2277	0	0	0	0	0
1407	1406.9	18.59	21	2079	0	0	0	0	0
1408	1407.9	49.05	17	1683	0	0	0	0	0
1409	1408.9	86.56	15	1485	0	0	0	0	0
1410	1409.9	75.24	14	1386	0	0	0	0	0
1411	1410.9	91.76	13	1287	0	0	0	0	0
1412	1411.9	98.68	12	1188	0	0	0	0	0
1413	1412.9	52.78	12	1188	0	0	0	0	0
1414	1413.9	13.98	11	1089	0	0	0	0	0
1415	1414.9	30.9	11	1089	0	0	0	0	0
1416	1415.9	20.72	10	990	0	0	0	0	0
1417	1416.9	11.18	10	990	0	0	0	0	0
1418	1417.9	10.35	10	990	0	0	0	0	0
1419	1418.9	17.36	11	1089	0	0	0	0	0
1420	1419.9	39.24	11	1089	0	0	0	0	0
1421	1420.9	19.12	12	1188	0	0	0	0	0
1422	1421.9	32.51	13	1287	0	0	0	0	0
1423	1422.9	29.8	12	1188	0	0	0	0	0
1424	1423.9	18.85	12	1188	0	0	0	0	0
1425	1424.9	32.55	12	1188	0	0	0	0	0
1426	1425.9	38.89	11	1089	0	0	0	0	0
1427	1426.9	15.61	12	1188	0	0	0	0	0
1428	1427.9	16.03	12	1188	0	0	0	0	0
1429	1428.9	16.4	13	1287	0	0	0	0	0
1430	1429.9	15.61	14	1386	0	0	0	0	0
1431	1430.9	19.11	14	1386	0	0	0	0	0
1432	1431.9	15.52	15	1485	0	0	0	0	0
1433	1432.9	12.31	15	1485	0	0	0	0	0
1434	1433.9	17.71	16	1584	0	0	0	0	0
1435	1434.9	98.08	17	1683	0	0	0	0	0
1436	1435.9	130.5	17	1683	0	0	0	0	0
1437	1436.9	92.17	18	1782	0	0	0	0	0
1438	1437.9	33.14	19	1881	0	0	0	0	0
1439	1438.9	14.32	20	1980	0	0	0	0	0
1440	1439.9	13.44	21	2079	0	0	0	0	0
1441	1440.9	16.2	21	2079	0	0	0	0	0
1442	1441.9	49.82	22	2178	0	0	0	0	0
1443	1442.9	84.47	23	2277	0	0	0	0	0
1444	1443.9	74.5	24	2376	0	0	0	0	0
1445	1444.9	92.05	26	2574	0	0	0	0	0
1446	1445.9	94.63	27	2673	0	0	0	0	0
1447	1446.9	22.49	28	2772	0	0	0	0	0
1448	1447.9	47.77	29	2871	0	0	0	0	0
1449	1448.9	38.05	29	2871	0	0	0	0	0
1450	1449.9	24.11	30	2970	0	0	0	0	0
1451	1450.9	24.99	31	3069	0	0	0	0	0
1452	1451.9	30.87	32	3168	0	0	0	0	0
1453	1452.9	48.19	33	3267	0	0	0	0	0
1454	1453.9	32.69	34	3366	0	0	0	0	0
1455	1454.9	32.6	35	3465	0	0	0	0	0
1456	1455.9	42.76	36	3564	0	0	0	0	0
1457	1456.9	38.77	37	3663	0	0	0	0	0
1458	1457.9	35.5	39	3861	0	0	0	0	0
1459	1458.9	42.25	41	4059	0	0	0	0	0
1460	1459.9	24.07	42	4158	0	0	0	0	0
1461	1460.9	30.35	44	4356	0	0	0	0	0
1462	1461.9	33.56	40	3960	0	0	0	0	0
1463	1462.9	39.05	37	3663	0	0	0	0	0
1464	1463.9	16.07	31	3069	0	0	0	0	0
1465	1464.9	23.73	26	2574	0	0	0	0	0
1466	1465.9	14.59	21	2079	0	0	0	0	0
1467	1466.9	19.94	18	1782	0	0	0	0	0
1468	1467.9	17.39	17	1683	0	0	0	0	0
1469	1468.9	22.19	15	1485	0	0	0	0	0
1470	1469.9	24.89	13	1287	0	0	0	0	0
1471	1470.53	17.91	10	990	0	0	0	0	0
1472	1471.69	16.53	10	990	0	0	0	0	0
1473	1472.53	28.32	8	792	0	0	0	0	0
1474	1473.52	28.71	8	792	0	0	0	0	0
1475	1474.53	24.66	9	891	0	0	0	0	0
1476	1475.53	22.01	9	891	0	0	0	0	0
1477	1476.53	23.72	10	990	0	0	0	0	0
1478	1477.53	30.71	10	990	0	0	0	0	0
1479	1478.53	29.64	13	1287	0	0	0	0	0
1480	1479.53	26.42	13	1287	0	0	0	0	0
1481	1480.53	18	16	1584	0	0	0	0	0
1482	1481.53	15.78	16	1584	0	0	0	0	0
1483	1482.53	20.2	14	1386	0	0	0	0	0
1484	1483.53	20.71	11	1089	0	0	0	0	0
1485	1484.53	23.89	11	1089	0	0	0	0	0
1486	1485.53	20.08	12	1188	0	0	0	0	0
1487	1486.53	12.18	14	1386	0	0	0	0	0
1488	1487.53	10.93	12	1188	0	0	0	0	0
1489	1488.53	11.12	10	990	0	0	0	0	0
1490	1489.53	16.84	10	990	0	0	0	0	0
1491	1490.53	16.96	8	792	0	0	0	0	0
1492	1491.53	13.78	8	792	0	0	0	0	0
1493	1492.53	12.32	8	792	0	0	0	0	0
1494	1493.53	11.15	8	792	0	0	0	0	0
1495	1494.52	9.53	7	693	0	0	0	0	0
1496	1495.53	21.84	7	693	0	0	0	0	0
1497	1496.53	20.76	7	693	0	0	0	0	0
1498	1497.53	22.68	6	594	0	0	0	0	0
1499	1498.53	13.32	6	594	0	0	0	0	0
1500	1499.53	16.8	6	594	0	0	0	0	0
1501	1500.53	10.79	6	594	0	0	0	0	0
1502	1501.53	9.76	6	594	0	0	0	0	0
1503	1502.53	8	5	495	0	0	0	0	0
1504	1503.53	7.5	5	495	0	0	0	0	0
1505	1504.53	3.06	5	495	0	0	0	0	0
1506	1505.53	10	5	495	0	0	0	0	0
1507	1506.53	12.62	5	495	0	0	0	0	0
1508	1507.53	12.88	5	495	0	0	0	0	0
1509	1508.53	8.24	4	396	0	0	0	0	0
1510	1509.53	32.28	4	396	0	0	0	0	0
1511	1510.53	31.17	4	396	0	0	0	0	0
1512	1511.53	29.32	3	297	0	0	0	0	0
1513	1512.53	18.2	3	297	0	0	0	0	0
1514	1513.53	24.86	3	297	0	0	0	0	0
1515	1514.53	30.09	3	297	0	0	0	0	0
1516	1515.53	14.94	2	198	0	0	0	0	0
1517	1516.53	17.96	2	198	0	0	0	0	0
1518	1517.53	29.6	2	198	0	0	0	0	0
1519	1518.53	39.24	2	198	0	0	0	0	0
1520	1519.53	40.93	2	198	0	0	0	0	0
1521	1520.53	21.28	3	297	0	0	0	0	0
1522	1521.44	24.84	3	297	0	0	0	0	0
1523	1522.53	31.84	3	297	0	0	0	0	0
1524	1523.52	18.18	4	396	0	0	0	0	0
1525	1524.53	21.07	4	396	0	0	0	0	0
1526	1525.53	15.26	4	396	0	0	0	0	0
1527	1526.53	8.01	6	594	0	0	0	0	0
1528	1527.53	11.8	7	693	0	0	0	0	0
1529	1528.53	50.33	5	495	0	0	0	0	0
1530	1529.53	17.2	5	495	0	0	0	0	0
1531	1530.53	19.98	4	396	0	0	0	0	0
1532	1531.53	13.02	3	297	0	0	0	0	0
1533	1532.53	11.95	4	396	0	0	0	0	0
1534	1533.53	26.51	6	594	0	0	0	0	0
1535	1534.53	20.57	8	792	0	0	0	0	0
1536	1535.53	16.18	11	1089	0	0	0	0	0
1537	1536.52	11.83	17	1683	0	0	0	0	0
1538	1537.53	10.95	13	1287	0	0	0	0	0
1539	1538.53	18.99	10	990	0	0	0	0	0
1540	1539.53	21.71	10	990	0	0	0	0	0
1541	1540.53	15.17	13	1287	0	0	0	0	0
1542	1541.53	22.31	14	1386	0	0	0	0	0
1543	1542.53	24.43	15	1485	0	0	0	0	0
1544	1543.53	12.98	12	1188	0	0	0	0	0
1545	1544.53	15.42	8	792	0	0	0	0	0
1546	1545.53	25.55	8	792	0	0	0	0	0
1547	1546.53	27.23	9	891	0	0	0	0	0
1548	1547.53	27.7	6	594	0	0	0	0	0
1549	1548.53	20.26	6	594	0	0	0	0	0
1550	1549.53	25.1	6	594	0	0	0	0	0
1551	1550.38	25.22	3	297	0	0	0	0	0
1552	1551.55	49.68	3	297	0	0	0	0	0
1553	1552.56	35.5	2	198	0	0	0	0	0
1554	1553.53	28	2	198	0	0	0	0	0
1555	1554.53	20	2	198	0	0	0	0	0
1556	1555.53	15	3	297	0	0	0	0	0
1557	1556.53	10	3	297	0	0	0	0	0
1558	1557.53	8.36	3	297	0	0	0	0	0
1559	1558.52	8	4	396	0	0	0	0	0
1560	1559.53	8	4	396	0	0	0	0	0
1561	1560.53	10	4	396	0	0	0	0	0
1562	1561.53	11	3	297	0	0	0	0	0
1563	1562.53	12	3	297	0	0	0	0	0
1564	1563.53	13	2	198	0	0	0	0	0
1565	1564.53	14	2	198	0	0	0	0	0
1566	1565.53	10	2	198	0	0	0	0	0
1567	1566.47	8	2	198	0	0	0	0	0
1568	1566.81	7.2	2	198	0	0	0	0	0
1569	1568.53	6	2	198	0	0	0	0	0
1570	1569.49	8	2	198	0	0	0	0	0
1571	1570.53	10	2	198	0	0	0	0	0
1572	1571.53	11	2	198	0	0	0	0	0
1573	1572.53	12	2	198	0	0	0	0	0
1574	1573.53	13	3	297	0	0	0	0	0
1575	1574.53	10	3	297	0	0	0	0	0
1576	1575.53	7.02	3	297	0	0	0	0	0
1577	1576.53	7.1	4	396	0	0	0	0	0
1578	1577.53	18.1	4	396	0	0	0	0	0
1579	1578.53	11.43	5	495	0	0	0	0	0
1580	1579.53	19.49	5	495	0	0	0	0	0
1581	1580.53	21	6	594	0	0	0	0	0
1582	1581.53	15.21	6	594	0	0	0	0	0
1583	1582.53	15.01	5	495	0	0	0	0	0
1584	1583.75	15.86	4	396	0	0	0	0	0
1585	1584.75	12.36	4	396	0	0	0	0	0
1586	1585.75	14.54	5	495	0	0	0	0	0
1587	1586.75	14.86	4	396	0	0	0	0	0
1588	1587.75	11.9	4	396	0	0	0	0	0
1589	1588.75	15.6	5	495	0	0	0	0	0
1590	1589.75	12.31	5	495	0	0	0	0	0
1591	1590.75	12.2	5	495	0	0	0	0	0
1592	1591.75	14.2	5	495	0	0	0	0	0
1593	1592.75	13.61	5	495	0	0	0	0	0
1594	1593.75	15.4	5	495	0	0	0	0	0
1595	1594.75	13.8	5	495	0	0	0	0	0
1596	1595.75	16.4	6	594	0	0	0	0	0
1597	1596.75	18.4	6	594	0	0	0	0	0
1598	1597.75	17.6	7	693	0	0	0	0	0
1599	1598.75	18.1	6	594	0	0	0	0	0
1600	1599.75	17.45	6	594	0	0	0	0	0
1601	1600.55	23.18	3	297	0	0	0	0	0
1602	1601.55	25.64	3	297	0	0	0	0	0
1603	1602.55	22.86	3	297	0	0	0	0	0
1604	1603.55	25.23	4	396	0	0	0	0	0
1605	1604.55	20.93	4	396	0	0	0	0	0
1606	1605.55	13.8	4	396	0	0	0	0	0
1607	1606.55	16.97	4	396	0	0	0	0	0
1608	1607.55	20.2	4	396	0	0	0	0	0
1609	1608.55	13.25	4	396	0	0	0	0	0
1610	1609.55	11.58	4	396	0	0	0	0	0
1611	1610.37	4.08	4	396	0	0	0	0	0
1612	1611.35	9.6	5	495	0	0	0	0	0
1613	1612.33	12.66	5	495	0	0	0	0	0
1614	1613.31	18.36	5	495	0	0	0	0	0
1615	1614.29	18.5	5	495	0	0	0	0	0
1616	1615.27	19.37	6	594	0	0	0	0	0
1617	1616.25	18.82	6	594	0	0	0	0	0
1618	1617.23	16.04	6	594	0	0	0	0	0
1619	1618.2	16.12	6	594	0	0	0	0	0
1620	1619.18	19.43	5	495	0	0	0	0	0
1621	1620.16	14.04	5	495	0	0	0	0	0
1622	1621.14	8.35	5	495	0	0	0	0	0
1623	1622.12	9.9	5	495	0	0	0	0	0
1624	1623.1	14.49	6	594	0	0	0	0	0
1625	1624.08	20.01	6	594	0	0	0	0	0
1626	1625.06	21.61	6	594	0	0	0	0	0
1627	1626.04	15.52	6	594	0	0	0	0	0
1628	1627.02	13.84	5	495	0	0	0	0	0
1629	1628	14.95	5	495	0	0	0	0	0
1630	1628.97	13.9	5	495	0	0	0	0	0
1631	1629.95	15.9	5	495	0	0	0	0	0
1632	1630.93	25.65	6	594	0	0	0	0	0
1633	1631.91	21.93	6	594	0	0	0	0	0
1634	1632.89	31.08	6	594	0	0	0	0	0
1635	1633.87	20.02	6	594	0	0	0	0	0
1636	1634.85	17.88	6	594	0	0	0	0	0
1637	1635.83	19.09	6	594	0	0	0	0	0
1638	1636.81	23.67	7	693	0	0	0	0	0
1639	1637.79	22.74	7	693	0	0	0	0	0
1640	1638.77	22.44	7	693	0	0	0	0	0
1641	1639.74	18.93	6	594	0	0	0	0	0
1642	1640.72	21.77	6	594	0	0	0	0	0
1643	1641.7	17.52	6	594	0	0	0	0	0
1644	1642.68	28.28	5	495	0	0	0	0	0
1645	1643.66	28.9	5	495	0	0	0	0	0
1646	1644.64	31.24	6	594	0	0	0	0	0
1647	1645.62	26.41	6	594	0	0	0	0	0
1648	1646.6	25.72	5	495	0	0	0	0	0
1649	1647.58	22.93	5	495	0	0	0	0	0
1650	1648.56	19.94	5	495	0	0	0	0	0
1651	1649.53	22.84	6	594	0	0	0	0	0
1652	1650.51	23.47	6	594	0	0	0	0	0
1653	1651.49	19.15	6	594	0	0	0	0	0
1654	1652.47	23.2	7	693	0	0	0	0	0
1655	1653.45	14.98	7	693	0	0	0	0	0
1656	1654.43	18.16	7	693	0	0	0	0	0
1657	1655.41	35.64	8	792	0	0	0	0	0
1658	1656.39	40.4	8	792	0	0	0	0	0
1659	1657.37	29.25	9	891	0	0	0	0	0
1660	1658.35	19.71	10	990	0	0	0	0	0
1661	1659.32	14.85	12	1188	0	0	0	0	0
1662	1660.3	19.92	13	1287	0	0	0	0	0
1663	1661.28	27.95	15	1485	0	0	0	0	0
1664	1662.26	27.61	16	1584	0	0	0	0	0
1665	1663.24	28.51	17	1683	0	0	0	0	0
1666	1664.22	30.03	17	1683	0	0	0	0	0
1667	1665.2	22.79	16	1584	0	0	0	0	0
1668	1666.18	24.36	17	1683	0	0	0	0	0
1669	1667.16	25	16	1584	0	0	0	0	0
1670	1668.14	22.19	15	1485	0	0	0	0	0
1671	1669.12	20.09	14	1386	0	0	0	0	0
1672	1670.09	21.23	13	1287	0	0	0	0	0
1673	1671.07	16.99	12	1188	0	0	0	0	0
1674	1672.05	18.57	13	1287	0	0	0	0	0
1675	1673.03	21.33	14	1386	0	0	0	0	0
1676	1674.01	21.83	13	1287	0	0	0	0	0
1677	1674.99	20.53	12	1188	0	0	0	0	0
1678	1675.97	18.67	11	1089	0	0	0	0	0
1679	1676.95	10.63	11	1089	0	0	0	0	0
1680	1677.93	16.41	10	990	0	0	0	0	0
1681	1678.91	16.51	12	1188	0	0	0	0	0
1682	1679.89	25.96	14	1386	0	0	0	0	0
1683	1680.86	20.34	15	1485	0	0	0	0	0
1684	1681.84	16.96	14	1386	0	0	0	0	0
1685	1682.82	19.68	13	1287	0	0	0	0	0
1686	1683.8	20.33	13	1287	0	0	0	0	0
1687	1684.78	27.94	16	1584	0	0	0	0	0
1688	1685.76	31.24	16	1584	0	0	0	0	0
1689	1686.74	30.26	19	1881	0	0	0	0	0
1690	1687.72	25.17	19	1881	0	0	0	0	0
1691	1688.7	28.78	17	1693	0	0	0	0	0
1692	1689.68	23.37	19	1871	0	0	0	0	0
1693	1690.65	20.95	17	1713	0	0	0	0	0
1694	1691.63	16.22	15	1485	0	0	0	0	0
1695	1692.61	21.41	15	1485	0	0	0	0	0
1696	1693.59	21.41	14	1386	0	0	0	0	0
1697	1694.57	27.68	13	1287	0	0	0	0	0
1698	1695.55	29.88	12	1188	0	0	0	0	0
1699	1696.53	4.64	11	1089	0	0	0	0	0
1700	1697.51	34.21	10	990	0	0	0	0	0
1701	1698.49	42.6	10	990	0	0	0	0	0
1702	1699.47	24.12	9	891	0	0	0	0	0
1703	1700.44	26.08	10	990	0	0	0	0	0
1704	1701.42	28.79	11	1089	0	0	0	0	0
1705	1702.4	31.89	12	1188	0	0	0	0	0
1706	1703.38	35.56	14	1386	0	0	0	0	0
1707	1704.36	31.42	15	1485	0	0	0	0	0
1708	1705.34	38.94	17	1683	0	0	0	0	0
1709	1706.32	49.98	17	1683	0	0	0	0	0
1710	1707.3	30.36	18	1782	0	0	0	0	0
1711	1708.28	30.13	16	1584	0	0	0	0	0
1712	1709.26	15.03	15	1485	0	0	0	0	0
1713	1710.24	24.66	14	1386	0	0	0	0	0
1714	1711.21	20.55	14	1386	0	0	0	0	0
1715	1712.19	20.56	15	1485	0	0	0	0	0
1716	1713.17	35.55	16	1584	0	0	0	0	0
1717	1714.15	24.95	17	1683	0	0	0	0	0
1718	1715.13	26.95	17	1683	0	0	0	0	0
1719	1716.11	20.96	18	1782	0	0	0	0	0
1720	1717.09	20.96	19	1881	0	0	0	0	0
1721	1718.07	24.38	19	1881	0	0	0	0	0
1722	1719.05	21.59	17	1683	0	0	0	0	0
1723	1720.03	20.55	16	1584	0	0	0	0	0
1724	1721	21.79	16	1584	0	0	0	0	0
1725	1721.98	23.97	15	1485	0	0	0	0	0
1726	1722.96	15.76	13	1287	0	0	0	0	0
1727	1723.94	21.92	12	1188	0	0	0	0	0
1728	1724.92	20.76	13	1287	0	0	0	0	0
1729	1725.9	26.62	14	1386	0	0	0	0	0
1730	1726.88	6.75	15	1485	0	0	0	0	0
1731	1727.86	47.58	16	1584	0	0	0	0	0
1732	1728.84	29.45	17	1683	0	0	0	0	0
1733	1729.82	36.56	17	1683	0	0	0	0	0
1734	1730.8	32.24	17	1683	0	0	0	0	0
1735	1731.77	25.85	17	1683	0	0	0	0	0
1736	1732.75	18.81	18	1782	0	0	0	0	0
1737	1733.73	24.86	19	1881	0	0	0	0	0
1738	1734.71	24.53	18	1782	0	0	0	0	0
1739	1735.69	28.01	17	1683	0	0	0	0	0
1740	1736.67	54.23	18	1782	0	0	0	0	0
1741	1737.65	32.69	19	1881	0	0	0	0	0
1742	1738.63	35.6	19	1881	0	0	0	0	0
1743	1739.61	27.47	20	1980	0	0	0	0	0
1744	1740.59	28.92	21	2079	0	0	0	0	0
1745	1741.56	28.72	21	2079	0	0	0	0	0
1746	1742.54	37.3	22	2178	0	0	0	0	0
1747	1743.52	35.21	22	2178	0	0	0	0	0
1748	1744.5	31.39	23	2277	0	0	0	0	0
1749	1745.48	28.99	23	2277	0	0	0	0	0
1750	1746.46	30.63	23	2277	0	0	0	0	0
1751	1747.44	25.01	23	2277	0	0	0	0	0
1752	1748.42	32.79	24	2376	0	0	0	0	0
1753	1749.4	30.57	25	2475	0	0	0	0	0
1754	1750.38	27.91	25	2475	0	0	0	0	0
1755	1751.36	27.72	28	2772	0	0	0	0	0
1756	1752.33	30.27	32	3168	0	0	0	0	0
1757	1753.31	17.74	45	4455	0	0	0	0	0
1758	1754.29	30.94	129	12771	0	0	0	0	0
1759	1755.27	28.18	253	25047	0	0	0	0	0
1760	1756.25	33.36	273	27027	0	0	0	0	0
1761	1757.23	30.37	226	22374	0	0	0	0	0
1762	1758.21	22.42	164	16236	0	0	0	0	0
1763	1759.19	28.08	145	14355	0	0	0	0	0
1764	1760.17	20.13	168	16632	0	0	0	0	0
1765	1761.15	31.18	176	17424	0	0	0	0	0
1766	1762.12	33.64	170	16830	0	0	0	0	0
1767	1763.1	31.92	141	13959	0	0	0	0	0
1768	1764.08	26.76	97	9603	0	0	0	0	0
1769	1765.06	11.25	82	8118	0	0	0	0	0
1770	1766.04	26.65	67	6633	0	0	0	0	0
1771	1767.02	30.21	63	6237	0	0	0	0	0
1772	1768	22.93	57	5643	0	0	0	0	0
1773	1768.98	22.33	54	5346	0	0	0	0	0
1774	1769.96	18.91	51	5049	0	0	0	0	0
1775	1770.94	10.26	50	4950	0	0	0	0	0
1776	1771.92	14.66	49	4851	0	0	0	0	0
1777	1772.89	23.55	48	4752	0	0	0	0	0
1778	1773.87	53.36	42	4158	0	0	0	0	0
1779	1774.85	34.94	39	3861	0	0	0	0	0
1780	1775.83	45.3	37	3663	0	0	0	0	0
1781	1776.81	19.69	33	3267	0	0	0	0	0
1782	1777.79	21.35	29	2871	0	0	0	0	0
1783	1778.77	13.34	22	2178	0	0	0	0	0
1784	1779.75	19.15	17	1683	0	0	0	0	0
1785	1780.73	36.8	15	1485	0	0	0	0	0
1786	1781.71	49.8	14	1386	0	0	0	0	0
1787	1782.68	44.38	13	1287	0	0	0	0	0
1788	1783.66	33.75	12	1188	0	0	0	0	0
1789	1784.64	16.11	12	1188	0	0	0	0	0
1790	1785.62	22.12	13	1287	0	0	0	0	0
1791	1786.6	17.68	12	1188	0	0	0	0	0
1792	1787.58	22.75	11	1089	0	0	0	0	0
1793	1788.56	36.89	12	1188	0	0	0	0	0
1794	1789.54	36.59	12	1188	0	0	0	0	0
1795	1790.52	35.21	13	1287	0	0	0	0	0
1796	1791.5	24.08	11	1089	0	0	0	0	0
1797	1792.47	15.13	10	990	0	0	0	0	0
1798	1793.45	30.89	9	891	0	0	0	0	0
1799	1794.43	34.6	9	891	0	0	0	0	0
1800	1795.41	30.34	9	891	0	0	0	0	0
1801	1796.39	37.38	10	990	0	0	0	0	0
1802	1797.37	23.59	10	990	0	0	0	0	0
1803	1798.35	34.27	10	990	0	0	0	0	0
1804	1799.37	40.21	11	1089	0	0	0	0	0
1805	1800.74	25.37	13	1287	0	0	0	0	0
1806	1801.71	43.77	15	1485	0	0	0	0	0
1807	1802.68	28.13	17	1683	0	0	0	0	0
1808	1803.65	24.11	19	1881	0	0	0	0	0
1809	1804.62	24.46	18	1782	0	0	0	0	0
1810	1805.59	17.22	17	1683	0	0	0	0	0
1811	1806.56	15.66	15	1485	0	0	0	0	0
1812	1807.56	4.31	14	1386	0	0	0	0	0
1813	1808.56	6.89	13	1287	0	0	0	0	0
1814	1809.56	2.35	12	1188	0	0	0	0	0
1815	1810.56	17.62	11	1089	0	0	0	0	0
1816	1811.4	27.78	11	1089	0	0	0	0	0
1817	1812.36	21.29	10	990	0	0	0	0	0
1818	1813.34	59.47	10	990	0	0	0	0	0
1819	1814.24	24.51	11	1089	0	0	0	0	0
1820	1813.53	24.02	12	1188	0	0	0	0	0
1821	1814.34	39.88	17	1683	0	0	0	0	0
1822	1815.27	20.24	15	1485	0	0	0	0	0
1823	1816.2	22.29	14	1386	0	0	0	0	0
1824	1817.14	38.78	13	1287	0	0	0	0	0
1825	1818.07	28.86	12	1188	0	0	0	0	0
1826	1819	24.09	13	1287	0	0	0	0	0
1827	1819.93	26.42	12	1188	0	0	0	0	0
1828	1820.86	23.74	11	1089	0	0	0	0	0
1829	1821.79	34.2	10	990	0	0	0	0	0
1830	1822.72	31.04	10	990	0	0	0	0	0
1831	1823.65	24.74	12	1188	0	0	0	0	0
1832	1824.59	30.6	13	1287	0	0	0	0	0
1833	1825.52	24.71	15	1485	0	0	0	0	0
1834	1826.45	47.89	18	1782	0	0	0	0	0
1835	1827.38	43.44	19	1881	0	0	0	0	0
1836	1828.31	26.22	19	1881	0	0	0	0	0
1837	1829.24	26.9	18	1782	0	0	0	0	0
1838	1830.17	25.59	18	1782	0	0	0	0	0
1839	1831.1	21.1	17	1683	0	0	0	0	0
1840	1832.03	19.05	17	1683	0	0	0	0	0
1841	1832.88	19.15	16	1584	0	0	0	0	0
1842	1833.79	17.48	15	1485	0	0	0	0	0
1843	1834.7	14.96	14	1386	0	0	0	0	0
1844	1835.61	14.32	13	1287	0	0	0	0	0
1845	1836.51	16.9	14	1386	0	0	0	0	0
1846	1837.42	19	16	1584	0	0	0	0	0
1847	1838.33	26.22	20	1980	0	0	0	0	0
1848	1839.24	30.75	23	2277	0	0	0	0	0
1849	1840.14	25.43	24	2376	0	0	0	0	0
1850	1841.05	21.49	23	2277	0	0	0	0	0
1851	1841.96	18.83	21	2079	0	0	0	0	0
1852	1842.87	21.44	20	1980	0	0	0	0	0
1853	1843.78	28.75	20	1980	0	0	0	0	0
1854	1844.68	27.59	21	2079	0	0	0	0	0
1855	1845.59	26.18	20	1980	0	0	0	0	0
1856	1846.5	22.3	19	1881	0	0	0	0	0
1857	1847.41	22.03	19	1881	0	0	0	0	0
1858	1848.32	18.7	19	1881	0	0	0	0	0
1859	1849.22	24.55	18	1782	0	0	0	0	0
1860	1850.13	21.46	18	1782	0	0	0	0	0
1861	1851.1	17.22	17	1683	0	0	0	0	0
1862	1852.51	18.28	17	1683	0	0	0	0	0
1863	1853.45	23.9	18	1782	0	0	0	0	0
1864	1854.38	22.56	19	1881	0	0	0	0	0
1865	1855.31	22.29	18	1782	0	0	0	0	0
1866	1856.25	22.07	17	1683	0	0	0	0	0
1867	1857.18	17.92	16	1584	0	0	0	0	0
1868	1858.11	20.79	15	1485	0	0	0	0	0
1869	1859.04	19.62	14	1386	0	0	0	0	0
1870	1859.97	17.81	15	1485	0	0	0	0	0
1871	1860.9	17.86	15	1485	0	0	0	0	0
1872	1861.83	18.11	21	2079	0	0	0	0	0
1873	1862.76	26.62	51	5049	0	0	0	0	0
1874	1863.69	28.53	96	9408	0	0	0	0	0
1875	1864.63	25.42	210	20580	0	0	0	0	0
1876	1865.56	32.97	350	34300	0	0	0	0	0
1877	1866.49	28.71	391	38318	0	0	0	0	0
1878	1867.42	31.74	385	37730	0	0	0	0	0
1879	1868.35	24.09	380	37240	0	0	0	0	0
1880	1869.28	24.04	376	36848	0	0	0	0	0
