Depth	TVD	ROP  Gas(units)	C1(PPM)	C2	C3	iC4	nC4	C5	
460	459.9	28.46	1	99	0	0	0	0	0
461	460.9	26.1	1	99	0	0	0	0	0
462	461.9	30.52	1	99	0	0	0	0	0
463	462.9	21.44	2	198	0	0	0	0	0
464	463.9	9.56	2	198	0	0	0	0	0
465	464.9	14.57	2	198	0	0	0	0	0
466	465.9	11.24	2	198	0	0	0	0	0
467	466.9	16.72	3	297	0	0	0	0	0
468	467.9	31.98	2	198	0	0	0	0	0
469	468.9	29.54	2	198	0	0	0	0	0
470	469.9	13.48	2	198	0	0	0	0	0
471	470.9	62.46	2	198	0	0	0	0	0
472	471.9	37.38	3	297	0	0	0	0	0
473	472.9	23.13	2	198	0	0	0	0	0
474	473.9	31.25	2	198	0	0	0	0	0
475	474.9	22.86	2	198	0	0	0	0	0
476	475.9	40.58	2	198	0	0	0	0	0
477	476.9	44.56	2	198	0	0	0	0	0
478	477.9	57.43	3	297	0	0	0	0	0
479	478.9	56.4	3	297	0	0	0	0	0
480	479.9	48.62	3	297	0	0	0	0	0
481	480.9	51.2	2	198	0	0	0	0	0
482	481.9	41.36	2	198	0	0	0	0	0
483	482.9	38.6	2	198	0	0	0	0	0
484	483.9	37.75	2	198	0	0	0	0	0
485	484.9	35.94	3	297	0	0	0	0	0
486	485.9	34.12	3	297	0	0	0	0	0
487	486.9	31.24	3	297	0	0	0	0	0
488	487.9	31.56	3	297	0	0	0	0	0
489	488.9	30.85	4	396	0	0	0	0	0
490	489.9	28.64	4	396	0	0	0	0	0
491	490.9	27.64	5	495	0	0	0	0	0
492	491.9	26.32	5	495	0	0	0	0	0
493	492.9	27.57	4	396	0	0	0	0	0
494	493.9	28.64	4	396	0	0	0	0	0
495	494.9	26.35	5	495	0	0	0	0	0
496	495.9	25.41	5	495	0	0	0	0	0
497	496.9	24.31	6	594	0	0	0	0	0
498	497.9	28.94	6	594	0	0	0	0	0
499	498.9	29.41	7	693	0	0	0	0	0
500	499.9	33.14	8	792	0	0	0	0	0
501	500.9	19.71	9	891	0	0	0	0	0
502	501.9	18.99	10	990	0	0	0	0	0
503	502.9	18.88	9	891	0	0	0	0	0
504	503.9	17.81	8	792	0	0	0	0	0
505	504.9	28.08	7	693	0	0	0	0	0
506	505.9	18.15	7	693	0	0	0	0	0
507	506.9	10.78	6	594	0	0	0	0	0
508	507.9	12.44	5	495	0	0	0	0	0
509	508.9	23.32	5	495	0	0	0	0	0
510	509.9	15.48	5	495	0	0	0	0	0
511	510.9	9.65	5	495	0	0	0	0	0
512	511.9	7.56	4	396	0	0	0	0	0
513	512.9	8.12	4	396	0	0	0	0	0
514	513.9	42.92	4	396	0	0	0	0	0
515	514.9	31.92	4	396	0	0	0	0	0
516	515.9	15.8	3	297	0	0	0	0	0
517	516.9	34.56	3	297	0	0	0	0	0
518	517.9	31.53	3	297	0	0	0	0	0
519	518.9	32.93	3	297	0	0	0	0	0
520	519.9	28.68	3	297	0	0	0	0	0
521	520.9	28.38	4	396	0	0	0	0	0
522	521.9	25.31	4	396	0	0	0	0	0
523	522.9	29.14	4	396	0	0	0	0	0
524	523.9	22.05	3	297	0	0	0	0	0
525	524.9	24.25	3	297	0	0	0	0	0
526	525.9	29.9	3	297	0	0	0	0	0
527	526.9	46.41	3	297	0	0	0	0	0
528	527.9	34.29	3	297	0	0	0	0	0
529	528.9	27.58	2	198	0	0	0	0	0
530	529.9	25.53	2	198	0	0	0	0	0
531	530.9	19	3	297	0	0	0	0	0
532	531.9	25.72	3	297	0	0	0	0	0
533	532.9	24.39	3	297	0	0	0	0	0
534	533.9	36.96	4	396	0	0	0	0	0
535	534.9	31.09	6	594	0	0	0	0	0
536	535.9	29.88	7	693	0	0	0	0	0
537	536.9	29.46	8	792	0	0	0	0	0
538	537.9	34.44	8	792	0	0	0	0	0
539	538.9	47.89	7	693	0	0	0	0	0
540	539.9	17.31	6	594	0	0	0	0	0
541	540.9	17	5	495	0	0	0	0	0
542	541.9	19.52	6	594	0	0	0	0	0
543	542.9	23.58	7	693	0	0	0	0	0
544	543.9	12.65	6	594	0	0	0	0	0
545	544.9	19.65	6	594	0	0	0	0	0
546	545.9	23.45	5	495	0	0	0	0	0
547	546.9	31.57	5	495	0	0	0	0	0
548	547.9	45.91	5	495	0	0	0	0	0
549	548.9	43.18	4	396	0	0	0	0	0
550	549.9	31.48	4	396	0	0	0	0	0
551	550.9	20.46	5	495	0	0	0	0	0
552	551.9	21.76	5	495	0	0	0	0	0
553	552.9	39.78	5	495	0	0	0	0	0
554	553.9	96.65	5	495	0	0	0	0	0
555	554.9	155.68	4	396	0	0	0	0	0
556	555.9	175.14	4	396	0	0	0	0	0
557	556.9	85.34	3	297	0	0	0	0	0
558	557.9	30.79	3	297	0	0	0	0	0
559	558.9	10.67	4	396	0	0	0	0	0
560	559.9	31.21	3	297	0	0	0	0	0
561	560.9	30.22	4	396	0	0	0	0	0
562	561.9	25.17	5	495	0	0	0	0	0
563	562.9	15.64	6	594	0	0	0	0	0
564	563.9	10.47	7	693	0	0	0	0	0
565	564.9	48.45	6	594	0	0	0	0	0
566	565.9	41.58	6	594	0	0	0	0	0
567	566.9	31.13	7	693	0	0	0	0	0
568	567.9	19.35	8	792	0	0	0	0	0
569	568.9	29.53	9	891	0	0	0	0	0
570	569.9	30.93	9	891	0	0	0	0	0
571	570.9	26.84	10	990	0	0	0	0	0
572	571.9	24.67	13	1287	0	0	0	0	0
573	572.9	13.86	14	1386	0	0	0	0	0
574	573.9	18.65	12	1188	0	0	0	0	0
575	574.9	26.22	10	990	0	0	0	0	0
576	575.9	18.13	9	891	0	0	0	0	0
577	576.9	17.59	9	891	0	0	0	0	0
578	577.9	28.33	8	792	0	0	0	0	0
579	578.9	28.77	10	990	0	0	0	0	0
580	579.9	31.02	11	1089	0	0	0	0	0
581	580.9	33.28	12	1188	0	0	0	0	0
582	581.9	28.54	13	1287	0	0	0	0	0
583	582.9	28.72	14	1386	0	0	0	0	0
584	583.9	20.12	18	1782	0	0	0	0	0
585	584.9	15.59	32	3168	0	0	0	0	0
586	585.9	60.9	24	2376	0	0	0	0	0
587	586.9	35.7	21	2079	0	0	0	0	0
588	587.9	28.59	18	1782	0	0	0	0	0
589	588.9	25.63	17	1683	0	0	0	0	0
590	589.9	26.74	15	1485	0	0	0	0	0
591	590.9	24.05	11	1089	0	0	0	0	0
592	591.9	15.24	9	891	0	0	0	0	0
593	592.9	22.59	6	594	0	0	0	0	0
594	593.9	60.3	5	495	0	0	0	0	0
595	594.9	24.3	5	495	0	0	0	0	0
596	595.9	22.52	5	495	0	0	0	0	0
597	596.9	14.27	5	495	0	0	0	0	0
598	597.9	15.67	5	495	0	0	0	0	0
599	598.9	17.83	6	594	0	0	0	0	0
600	599.9	14.09	7	693	0	0	0	0	0
601	600.9	19.69	7	693	0	0	0	0	0
602	601.9	24.18	6	594	0	0	0	0	0
603	602.9	31.56	6	594	0	0	0	0	0
604	603.9	33.78	5	495	0	0	0	0	0
605	604.9	15.4	5	495	0	0	0	0	0
606	605.9	23.31	6	594	0	0	0	0	0
607	606.9	29.4	6	594	0	0	0	0	0
608	607.9	25.66	6	594	0	0	0	0	0
609	608.9	26.98	6	594	0	0	0	0	0
610	609.9	26.65	6	594	0	0	0	0	0
611	610.9	22.42	7	693	0	0	0	0	0
612	611.9	24.54	7	693	0	0	0	0	0
613	612.9	18.51	8	792	0	0	0	0	0
614	613.9	18.16	8	792	0	0	0	0	0
615	614.9	17.73	9	891	0	0	0	0	0
616	615.9	11.02	9	891	0	0	0	0	0
617	616.9	15.64	10	990	0	0	0	0	0
618	617.9	23.79	10	990	0	0	0	0	0
619	618.9	15.24	11	1089	0	0	0	0	0
620	619.9	18.94	12	1188	0	0	0	0	0
621	620.9	26.25	13	1287	0	0	0	0	0
622	621.9	29.26	13	1287	0	0	0	0	0
623	622.9	9.96	14	1386	0	0	0	0	0
624	623.9	33.33	14	1386	0	0	0	0	0
625	624.9	15.02	14	1386	0	0	0	0	0
626	625.9	16.58	15	1485	0	0	0	0	0
627	626.9	15.15	16	1584	0	0	0	0	0
628	627.9	18.96	16	1584	0	0	0	0	0
629	628.9	20.49	16	1584	0	0	0	0	0
630	629.9	29.07	16	1584	0	0	0	0	0
631	630.9	31.62	14	1386	0	0	0	0	0
632	631.9	29.42	13	1287	0	0	0	0	0
633	632.9	25.55	13	1287	0	0	0	0	0
634	633.9	15.98	11	1089	0	0	0	0	0
635	634.9	22.66	10	990	0	0	0	0	0
636	635.9	25.44	11	1089	0	0	0	0	0
637	636.9	26.81	12	1188	0	0	0	0	0
638	637.9	28.21	12	1188	0	0	0	0	0
639	638.9	25.81	13	1287	0	0	0	0	0
640	639.9	21.25	13	1287	0	0	0	0	0
641	640.9	23.59	13	1287	0	0	0	0	0
642	641.9	23.67	13	1287	0	0	0	0	0
643	642.9	31.56	13	1287	0	0	0	0	0
644	643.9	38.82	14	1386	0	0	0	0	0
645	644.9	16.4	14	1386	0	0	0	0	0
646	645.9	15.48	14	1386	0	0	0	0	0
647	646.9	16.71	15	1485	0	0	0	0	0
648	647.9	37.31	16	1584	0	0	0	0	0
649	648.9	21.32	17	1683	0	0	0	0	0
650	649.9	18.76	21	2079	0	0	0	0	0
651	650.9	17.93	21	2079	0	0	0	0	0
652	651.9	26.18	21	2079	0	0	0	0	0
653	652.9	32.95	20	1980	0	0	0	0	0
654	653.9	28.72	19	1881	0	0	0	0	0
655	654.9	26.98	19	1881	0	0	0	0	0
656	655.9	30.73	18	1782	0	0	0	0	0
657	656.9	24.15	18	1782	0	0	0	0	0
658	657.9	15.69	17	1683	0	0	0	0	0
659	658.9	24.92	16	1584	0	0	0	0	0
660	659.9	29.55	16	1584	0	0	0	0	0
661	660.9	16.52	16	1584	0	0	0	0	0
662	661.9	25.28	15	1485	0	0	0	0	0
663	662.9	27.68	15	1485	0	0	0	0	0
664	663.9	38.4	16	1584	0	0	0	0	0
665	664.9	21.53	16	1584	0	0	0	0	0
666	665.9	40.17	16	1584	0	0	0	0	0
667	666.9	36.25	16	1584	0	0	0	0	0
668	667.9	57.74	16	1584	0	0	0	0	0
669	668.9	61.08	15	1485	0	0	0	0	0
670	669.9	45.05	15	1485	0	0	0	0	0
671	670.9	55.56	14	1386	0	0	0	0	0
672	671.9	22.95	14	1386	0	0	0	0	0
673	672.9	26.47	14	1386	0	0	0	0	0
674	673.9	50.16	13	1287	0	0	0	0	0
675	674.9	28.98	13	1287	0	0	0	0	0
676	675.9	32.37	13	1287	0	0	0	0	0
677	676.9	47.42	14	1386	0	0	0	0	0
678	677.9	44.01	14	1386	0	0	0	0	0
679	678.9	34.89	15	1485	0	0	0	0	0
680	679.9	35.38	16	1584	0	0	0	0	0
681	680.9	14.57	17	1683	0	0	0	0	0
682	681.9	17.97	17	1683	0	0	0	0	0
683	682.9	16.78	18	1782	0	0	0	0	0
684	683.9	25.64	19	1881	0	0	0	0	0
685	684.9	59.82	19	1881	0	0	0	0	0
686	685.9	42.29	19	1881	0	0	0	0	0
687	686.9	28.33	20	1980	0	0	0	0	0
688	687.9	14.75	21	2079	0	0	0	0	0
689	688.9	19.41	19	1881	0	0	0	0	0
690	689.9	22.36	18	1782	0	0	0	0	0
691	690.9	15.71	17	1683	0	0	0	0	0
692	691.9	20.96	16	1584	0	0	0	0	0
693	692.9	15.15	16	1584	0	0	0	0	0
694	693.9	19.21	15	1485	0	0	0	0	0
695	694.9	20.78	15	1485	0	0	0	0	0
696	695.9	21.14	14	1386	0	0	0	0	0
697	696.9	14.98	14	1386	0	0	0	0	0
698	697.9	16.72	13	1287	0	0	0	0	0
699	698.9	22.81	13	1287	0	0	0	0	0
700	699.9	13.25	12	1188	0	0	0	0	0
701	700.9	18.87	12	1188	0	0	0	0	0
702	701.9	14.83	11	1089	0	0	0	0	0
703	702.9	14.41	10	990	0	0	0	0	0
704	703.9	14.99	10	990	0	0	0	0	0
705	704.9	16.78	9	891	0	0	0	0	0
706	705.9	7.45	9	891	0	0	0	0	0
707	706.9	16.3	9	891	0	0	0	0	0
708	707.9	17.9	9	891	0	0	0	0	0
709	708.9	23.62	10	990	0	0	0	0	0
710	709.9	18.93	10	990	0	0	0	0	0
711	710.9	14.13	10	990	0	0	0	0	0
712	711.9	18.55	10	990	0	0	0	0	0
713	712.9	13.56	11	1089	0	0	0	0	0
714	713.9	23.02	11	1089	0	0	0	0	0
715	714.9	14.79	11	1089	0	0	0	0	0
716	715.9	16.74	11	1089	0	0	0	0	0
717	716.9	14.02	12	1188	0	0	0	0	0
718	717.9	24.03	12	1188	0	0	0	0	0
719	718.9	37.41	13	1287	0	0	0	0	0
720	719.9	26.2	13	1287	0	0	0	0	0
721	720.9	33.69	14	1386	0	0	0	0	0
722	721.9	20.31	14	1386	0	0	0	0	0
723	722.9	31.71	15	1485	0	0	0	0	0
724	723.9	30.42	15	1485	0	0	0	0	0
725	724.9	32.59	16	1584	0	0	0	0	0
726	725.9	23.87	15	1485	0	0	0	0	0
727	726.9	23.91	16	1584	0	0	0	0	0
728	727.9	23.66	17	1683	0	0	0	0	0
729	728.9	27.59	19	1881	0	0	0	0	0
730	729.9	23.85	20	1980	0	0	0	0	0
731	730.9	48.68	20	1980	0	0	0	0	0
732	731.9	22.48	20	1980	0	0	0	0	0
733	732.9	22.03	19	1881	0	0	0	0	0
734	733.9	26.5	18	1782	0	0	0	0	0
735	734.9	23.39	18	1782	0	0	0	0	0
736	735.9	20.38	19	1881	0	0	0	0	0
737	736.9	17.22	20	1980	0	0	0	0	0
738	737.9	19.86	21	2079	0	0	0	0	0
739	738.9	17.87	23	2277	0	0	0	0	0
740	739.9	19.45	24	2376	0	0	0	0	0
741	740.9	22.15	24	2376	0	0	0	0	0
742	741.9	31.31	29	2871	0	0	0	0	0
743	742.9	32.7	32	3168	0	0	0	0	0
744	743.9	19.07	36	3564	0	0	0	0	0
745	744.9	16.69	48	4752	0	0	0	0	0
746	745.9	18.26	55	5445	0	0	0	0	0
747	746.9	17.98	51	5049	0	0	0	0	0
748	747.9	14.41	47	4653	0	0	0	0	0
749	748.9	13.25	36	3564	0	0	0	0	0
750	749.9	20.76	29	2871	0	0	0	0	0
751	750.9	22	25	2475	0	0	0	0	0
752	751.9	15.87	21	2079	0	0	0	0	0
753	752.9	16.56	20	1980	0	0	0	0	0
754	753.9	12.98	19	1881	0	0	0	0	0
755	754.9	18.29	18	1782	0	0	0	0	0
756	755.9	22.77	17	1683	0	0	0	0	0
757	756.9	29.71	17	1683	0	0	0	0	0
758	757.9	28.65	18	1782	0	0	0	0	0
759	758.9	40.98	19	1881	0	0	0	0	0
760	759.9	22.92	18	1782	0	0	0	0	0
761	760.9	21.18	17	1683	0	0	0	0	0
762	761.9	39.67	16	1584	0	0	0	0	0
763	762.9	31.69	15	1485	0	0	0	0	0
764	763.9	21.98	15	1485	0	0	0	0	0
765	764.9	26.71	14	1386	0	0	0	0	0
766	765.9	23.49	14	1386	0	0	0	0	0
767	766.9	27.73	15	1485	0	0	0	0	0
768	767.9	23.89	16	1584	0	0	0	0	0
769	768.9	35.06	16	1584	0	0	0	0	0
770	769.9	28.64	15	1485	0	0	0	0	0
771	770.9	21.69	14	1386	0	0	0	0	0
772	771.9	21.15	15	1485	0	0	0	0	0
773	772.9	21.2	15	1485	0	0	0	0	0
774	773.9	26.89	16	1584	0	0	0	0	0
775	774.9	24.15	17	1683	0	0	0	0	0
776	775.9	26.56	18	1782	0	0	0	0	0
777	776.9	23.3	18	1782	0	0	0	0	0
778	777.9	20.61	17	1683	0	0	0	0	0
779	778.9	21.09	16	1584	0	0	0	0	0
780	779.9	19.08	15	1485	0	0	0	0	0
781	780.9	19.28	14	1386	0	0	0	0	0
782	781.9	21.4	14	1386	0	0	0	0	0
783	782.9	18.24	15	1485	0	0	0	0	0
784	783.9	16.76	15	1485	0	0	0	0	0
785	784.9	22.48	15	1485	0	0	0	0	0
786	785.9	25.5	16	1584	0	0	0	0	0
787	786.9	24.14	16	1584	0	0	0	0	0
788	787.9	22.52	17	1683	0	0	0	0	0
789	788.9	25.24	17	1683	0	0	0	0	0
790	789.9	26.46	18	1782	0	0	0	0	0
791	790.9	28.55	18	1782	0	0	0	0	0
792	791.9	34.95	19	1881	0	0	0	0	0
793	792.9	26.77	19	1881	0	0	0	0	0
794	793.9	24.85	18	1782	0	0	0	0	0
795	794.9	26.07	18	1782	0	0	0	0	0
796	795.9	24.6	18	1782	0	0	0	0	0
797	796.9	26.88	17	1683	0	0	0	0	0
798	797.9	23.69	18	1782	0	0	0	0	0
799	798.9	25.87	18	1782	0	0	0	0	0
800	799.9	22.79	19	1881	0	0	0	0	0
801	800.9	30.89	20	1980	0	0	0	0	0
802	801.9	26.87	21	2079	0	0	0	0	0
803	802.9	23.01	22	2178	0	0	0	0	0
804	803.9	30.76	25	2475	0	0	0	0	0
805	804.9	24.29	28	2772	0	0	0	0	0
806	805.9	18.59	30	2970	0	0	0	0	0
807	806.9	23.47	31	3069	0	0	0	0	0
808	807.9	22.74	31	3069	0	0	0	0	0
809	808.9	19.98	29	2871	0	0	0	0	0
810	809.9	15.95	27	2673	0	0	0	0	0
811	810.9	33.88	25	2475	0	0	0	0	0
812	811.9	30.5	21	2079	0	0	0	0	0
813	812.9	39.52	20	1980	0	0	0	0	0
814	813.9	26.2	19	1881	0	0	0	0	0
815	814.9	23.51	18	1782	0	0	0	0	0
816	815.9	24	15	1485	0	0	0	0	0
817	816.9	30.3	14	1386	0	0	0	0	0
818	817.9	29.55	13	1287	0	0	0	0	0
819	818.9	23.25	14	1386	0	0	0	0	0
820	819.9	22.27	15	1485	0	0	0	0	0
821	820.9	26.79	16	1584	0	0	0	0	0
822	821.9	17.49	17	1683	0	0	0	0	0
823	822.9	19.5	17	1683	0	0	0	0	0
824	823.9	20.68	18	1782	0	0	0	0	0
825	824.9	24.08	18	1782	0	0	0	0	0
826	825.9	18.44	18	1782	0	0	0	0	0
827	826.9	25.56	17	1683	0	0	0	0	0
828	827.9	23.31	17	1683	0	0	0	0	0
829	828.9	31.31	18	1782	0	0	0	0	0
830	829.9	25.5	17	1683	0	0	0	0	0
831	830.9	24.17	18	1782	0	0	0	0	0
832	831.9	28.64	19	1881	0	0	0	0	0
833	832.9	22.75	19	1881	0	0	0	0	0
834	833.9	31.42	21	2079	0	0	0	0	0
835	834.9	30.37	20	1980	0	0	0	0	0
836	835.9	32.52	21	2079	0	0	0	0	0
837	836.9	40.14	23	2277	0	0	0	0	0
838	837.9	28.26	24	2376	0	0	0	0	0
839	838.9	25	23	2277	0	0	0	0	0
840	839.9	29.5	23	2277	0	0	0	0	0
841	840.9	21.92	24	2376	0	0	0	0	0
842	841.9	20.23	25	2475	0	0	0	0	0
843	842.9	51.3	30	2970	0	0	0	0	0
844	843.9	74.91	34	3366	0	0	0	0	0
845	844.9	50.46	29	2871	0	0	0	0	0
846	845.9	83.54	28	2772	0	0	0	0	0
847	846.9	69.05	27	2673	0	0	0	0	0
848	847.9	18.66	28	2772	0	0	0	0	0
849	848.9	56.47	29	2871	0	0	0	0	0
850	849.9	59.38	29	2871	0	0	0	0	0
851	850.9	24.74	30	2970	0	0	0	0	0
852	851.9	80.6	29	2871	0	0	0	0	0
853	852.9	12.39	28	2772	0	0	0	0	0
854	853.9	12.3	25	2475	0	0	0	0	0
855	854.9	14.1	20	1980	0	0	0	0	0
856	855.9	20.87	19	1881	0	0	0	0	0
857	856.9	28.39	18	1782	0	0	0	0	0
858	857.9	23.18	18	1782	0	0	0	0	0
859	858.9	24.87	19	1881	0	0	0	0	0
860	859.9	32.91	19	1881	0	0	0	0	0
861	860.9	17.19	19	1881	0	0	0	0	0
862	861.9	20.67	19	1881	0	0	0	0	0
863	862.9	31.63	20	1980	0	0	0	0	0
864	863.9	24	19	1881	0	0	0	0	0
865	864.9	24.64	18	1782	0	0	0	0	0
866	865.9	42.85	18	1782	0	0	0	0	0
867	866.9	58.73	17	1683	0	0	0	0	0
868	867.9	32.01	17	1683	0	0	0	0	0
869	868.9	27.6	18	1782	0	0	0	0	0
870	869.9	25.45	19	1881	0	0	0	0	0
871	870.9	63.84	18	1782	0	0	0	0	0
872	871.9	63.65	18	1782	0	0	0	0	0
873	872.9	43.88	17	1683	0	0	0	0	0
874	873.9	62.31	16	1584	0	0	0	0	0
875	874.9	35.61	15	1485	0	0	0	0	0
876	875.9	39.87	14	1386	0	0	0	0	0
877	876.9	38.63	14	1386	0	0	0	0	0
878	877.9	70.69	13	1287	0	0	0	0	0
879	878.9	43.65	12	1188	0	0	0	0	0
880	879.9	37.92	11	1089	0	0	0	0	0
881	880.9	56.56	10	990	0	0	0	0	0
882	881.9	72.99	10	990	0	0	0	0	0
883	882.9	57.79	10	990	0	0	0	0	0
884	883.9	30.83	10	990	0	0	0	0	0
885	884.9	39.82	9	891	0	0	0	0	0
886	885.9	48.39	9	891	0	0	0	0	0
887	886.9	47.86	9	891	0	0	0	0	0
888	887.9	38.43	8	792	0	0	0	0	0
889	888.9	46.73	8	792	0	0	0	0	0
890	889.9	39.26	7	693	0	0	0	0	0
891	890.9	39.1	7	693	0	0	0	0	0
892	891.9	31.74	6	594	0	0	0	0	0
893	892.9	44.83	6	594	0	0	0	0	0
894	893.9	24.46	6	594	0	0	0	0	0
895	894.9	59.34	6	594	0	0	0	0	0
896	895.9	67.43	7	693	0	0	0	0	0
897	896.9	63.59	7	693	0	0	0	0	0
898	897.9	41.07	6	594	0	0	0	0	0
899	898.9	21.3	6	594	0	0	0	0	0
900	899.9	18.91	7	693	0	0	0	0	0
901	900.9	48.96	5	495	0	0	0	0	0
902	901.9	64.84	5	495	0	0	0	0	0
903	902.9	76.1	5	495	0	0	0	0	0
904	903.9	52.61	5	495	0	0	0	0	0
905	904.9	41.33	5	495	0	0	0	0	0
906	905.9	60.11	5	495	0	0	0	0	0
907	906.9	45.09	5	495	0	0	0	0	0
908	907.9	41.98	5	495	0	0	0	0	0
909	908.9	60.22	5	495	0	0	0	0	0
910	909.9	46.98	5	495	0	0	0	0	0
911	910.9	51.6	4	396	0	0	0	0	0
912	911.9	46.3	4	396	0	0	0	0	0
913	912.9	28.45	4	396	0	0	0	0	0
914	913.9	30.85	4	396	0	0	0	0	0
915	914.9	37	3	297	0	0	0	0	0
916	915.9	36.22	3	297	0	0	0	0	0
917	916.9	53.98	4	396	0	0	0	0	0
918	917.9	49.23	5	495	0	0	0	0	0
919	918.9	49.65	5	495	0	0	0	0	0
920	919.9	48.8	5	495	0	0	0	0	0
921	920.9	43.93	4	396	0	0	0	0	0
922	921.9	45.82	4	396	0	0	0	0	0
923	922.9	39.07	4	396	0	0	0	0	0
924	923.9	50.54	5	495	0	0	0	0	0
925	924.9	33.32	6	594	0	0	0	0	0
926	925.9	30.34	6	594	0	0	0	0	0
927	926.9	30.03	6	594	0	0	0	0	0
928	927.9	91.62	7	693	0	0	0	0	0
929	928.9	78.69	6	594	0	0	0	0	0
930	929.9	60.56	6	594	0	0	0	0	0
931	930.9	53.56	6	594	0	0	0	0	0
932	931.9	68.26	6	594	0	0	0	0	0
933	932.9	49.92	5	495	0	0	0	0	0
934	933.9	44.18	5	495	0	0	0	0	0
935	934.9	31.35	5	495	0	0	0	0	0
936	935.9	38.3	5	495	0	0	0	0	0
937	936.9	31.18	5	495	0	0	0	0	0
938	937.9	41.2	5	495	0	0	0	0	0
939	938.9	22.93	7	693	0	0	0	0	0
940	939.9	30.79	7	693	0	0	0	0	0
941	940.9	20.99	6	594	0	0	0	0	0
942	941.9	26.43	5	495	0	0	0	0	0
943	942.9	32.81	5	495	0	0	0	0	0
944	943.9	25.28	6	594	0	0	0	0	0
945	944.9	40.77	6	594	0	0	0	0	0
946	945.9	36.38	6	594	0	0	0	0	0
947	946.9	29.39	5	495	0	0	0	0	0
948	947.9	25.66	5	495	0	0	0	0	0
949	948.9	21.47	5	495	0	0	0	0	0
950	949.9	32.39	4	396	0	0	0	0	0
951	950.9	30.88	4	396	0	0	0	0	0
952	951.9	33.37	4	396	0	0	0	0	0
953	952.9	34.4	4	396	0	0	0	0	0
954	953.9	32.52	4	396	0	0	0	0	0
955	954.9	79.94	3	297	0	0	0	0	0
956	955.9	32.44	3	297	0	0	0	0	0
957	956.9	80.79	3	297	0	0	0	0	0
958	957.9	115.64	3	297	0	0	0	0	0
959	958.9	140.38	3	297	0	0	0	0	0
960	959.9	56.27	3	297	0	0	0	0	0
961	960.9	26.89	3	297	0	0	0	0	0
962	961.9	27.02	4	396	0	0	0	0	0
963	962.9	43.58	4	396	0	0	0	0	0
964	963.9	50.6	4	396	0	0	0	0	0
965	964.9	29.87	4	396	0	0	0	0	0
966	965.9	19.24	5	495	0	0	0	0	0
967	966.9	19.45	5	495	0	0	0	0	0
968	967.9	22.61	6	594	0	0	0	0	0
969	968.9	24.7	6	594	0	0	0	0	0
970	969.9	23.74	6	594	0	0	0	0	0
971	970.9	20.36	5	495	0	0	0	0	0
972	971.9	24.34	5	495	0	0	0	0	0
973	972.9	39.52	4	396	0	0	0	0	0
974	973.9	27.48	5	495	0	0	0	0	0
975	974.9	37.5	5	495	0	0	0	0	0
976	975.9	15.76	6	594	0	0	0	0	0
977	976.9	37.66	5	495	0	0	0	0	0
978	977.9	43.89	5	495	0	0	0	0	0
979	978.9	43.06	5	495	0	0	0	0	0
980	979.9	21.79	4	396	0	0	0	0	0
981	980.9	26.59	4	396	0	0	0	0	0
982	981.9	24.9	4	396	0	0	0	0	0
983	982.9	25.43	4	396	0	0	0	0	0
984	983.9	44.81	4	396	0	0	0	0	0
985	984.9	26.61	3	297	0	0	0	0	0
986	985.9	27.14	3	297	0	0	0	0	0
987	986.9	32.56	3	297	0	0	0	0	0
988	987.9	41.51	4	396	0	0	0	0	0
989	988.9	37.78	4	396	0	0	0	0	0
990	989.9	38.21	4	396	0	0	0	0	0
991	990.9	40.25	4	396	0	0	0	0	0
992	991.9	32.97	3	297	0	0	0	0	0
993	992.9	37.98	3	297	0	0	0	0	0
994	993.9	34.85	4	396	0	0	0	0	0
995	994.9	30.15	5	495	0	0	0	0	0
996	995.9	48.95	6	594	0	0	0	0	0
997	996.9	47.87	8	792	0	0	0	0	0
998	997.9	30.33	8	792	0	0	0	0	0
999	998.9	17.55	9	891	0	0	0	0	0
1000	999.9	16.81	10	990	0	0	0	0	0
1001	1000.9	16.66	10	990	0	0	0	0	0
1002	1001.9	30.04	13	1287	0	0	0	0	0
1003	1002.9	25.52	13	1287	0	0	0	0	0
1004	1003.9	28.69	14	1386	0	0	0	0	0
1005	1004.9	30.04	15	1485	0	0	0	0	0
1006	1005.9	42.3	16	1584	0	0	0	0	0
1007	1006.9	106.68	22	2178	0	0	0	0	0
1008	1007.9	82.92	25	2475	0	0	0	0	0
1009	1008.9	62.16	22	2178	0	0	0	0	0
1010	1009.9	42.87	20	1980	0	0	0	0	0
1011	1010.9	30.89	22	2178	0	0	0	0	0
1012	1011.9	30.55	22	2178	0	0	0	0	0
1013	1012.9	59.22	24	2376	0	0	0	0	0
1014	1013.9	57.95	24	2376	0	0	0	0	0
1015	1014.9	50.32	24	2376	0	0	0	0	0
1016	1015.9	73.48	25	2475	0	0	0	0	0
1017	1016.9	73.73	26	2574	0	0	0	0	0
1018	1017.9	68.72	28	2772	0	0	0	0	0
1019	1018.9	53.86	29	2871	0	0	0	0	0
1020	1019.9	84.6	30	2970	0	0	0	0	0
1021	1020.9	75.96	34	3366	0	0	0	0	0
1022	1021.9	60.87	36	3564	0	0	0	0	0
1023	1022.9	63.8	38	3762	0	0	0	0	0
1024	1023.9	61.06	39	3861	0	0	0	0	0
1025	1024.9	53.06	40	3960	0	0	0	0	0
1026	1025.9	37.69	41	4059	0	0	0	0	0
1027	1026.9	52.29	41	4059	0	0	0	0	0
1028	1027.9	47.56	42	4158	0	0	0	0	0
1029	1028.9	61.52	43	4257	0	0	0	0	0
1030	1029.9	108.63	43	4257	0	0	0	0	0
1031	1030.9	66.98	42	4158	0	0	0	0	0
1032	1031.9	50.65	42	4158	0	0	0	0	0
1033	1032.9	86.19	43	4257	0	0	0	0	0
1034	1033.9	95.86	44	4356	0	0	0	0	0
1035	1034.9	68.07	46	4554	0	0	0	0	0
1036	1035.9	69.88	49	4851	0	0	0	0	0
1037	1036.9	46.18	53	5247	0	0	0	0	0
1038	1037.9	36.39	49	4851	0	0	0	0	0
1039	1038.9	27.93	48	4752	0	0	0	0	0
1040	1039.9	75.45	47	4653	0	0	0	0	0
1041	1040.9	90.44	45	4455	0	0	0	0	0
1042	1041.9	68.47	40	3960	0	0	0	0	0
1043	1042.9	110.73	38	3762	0	0	0	0	0
1044	1043.9	120.23	31	3069	0	0	0	0	0
1045	1044.9	81.14	28	2772	0	0	0	0	0
1046	1045.9	54.08	27	2673	0	0	0	0	0
1047	1046.9	60.18	26	2574	0	0	0	0	0
1048	1047.9	60.1	26	2574	0	0	0	0	0
1049	1048.9	57.45	27	2673	0	0	0	0	0
1050	1049.9	64.9	28	2772	0	0	0	0	0
1051	1050.9	116.66	29	2871	0	0	0	0	0
1052	1051.9	131.88	30	2970	0	0	0	0	0
1053	1052.9	38.98	31	3069	0	0	0	0	0
1054	1053.9	59.62	35	3465	0	0	0	0	0
1055	1054.9	82.75	36	3564	0	0	0	0	0
1056	1055.9	68.7	35	3465	0	0	0	0	0
1057	1056.9	64.94	32	3168	0	0	0	0	0
1058	1057.9	56.17	30	2970	0	0	0	0	0
1059	1058.9	55.91	29	2871	0	0	0	0	0
1060	1059.9	30.28	28	2772	0	0	0	0	0
1061	1060.9	30.97	30	2970	0	0	0	0	0
1062	1061.9	31.03	32	3168	0	0	0	0	0
1063	1062.9	46.32	35	3465	0	0	0	0	0
1064	1063.9	24.84	30	2970	0	0	0	0	0
1065	1064.9	22.63	28	2772	0	0	0	0	0
1066	1065.9	22.12	27	2673	0	0	0	0	0
1067	1066.9	19.64	25	2475	0	0	0	0	0
1068	1067.9	18.16	24	2376	0	0	0	0	0
1069	1068.9	24.63	24	2376	0	0	0	0	0
1070	1069.9	20.19	25	2475	0	0	0	0	0
1071	1070.9	19.83	26	2574	0	0	0	0	0
1072	1071.9	54.22	27	2673	0	0	0	0	0
1073	1072.9	21.04	26	2574	0	0	0	0	0
1074	1073.9	20.79	25	2475	0	0	0	0	0
1075	1074.9	32.57	24	2376	0	0	0	0	0
1076	1075.9	22.82	24	2376	0	0	0	0	0
1077	1076.9	30.36	25	2475	0	0	0	0	0
1078	1077.9	21.75	26	2574	0	0	0	0	0
1079	1078.9	27.05	25	2475	0	0	0	0	0
1080	1079.9	16.69	24	2376	0	0	0	0	0
1081	1080.9	36.12	25	2475	0	0	0	0	0
1082	1081.9	27.45	26	2574	0	0	0	0	0
1083	1082.9	28.63	37	3663	0	0	0	0	0
1084	1083.9	30.37	86	8514	0	0	0	0	0
1085	1084.9	25.46	242	23958	0	0	0	0	0
1086	1085.9	21.47	279	27621	0	0	0	0	0
1087	1086.9	27.23	256	25344	0	0	0	0	0
1088	1087.9	23.01	210	20790	0	0	0	0	0
1089	1088.9	23.72	186	18414	0	0	0	0	0
1090	1089.9	21.05	117	11583	0	0	0	0	0
1091	1090.9	16.56	84	8316	0	0	0	0	0
1092	1091.9	14.87	71	7029	0	0	0	0	0
1093	1092.9	18.85	63	6237	0	0	0	0	0
1094	1093.9	17.64	52	5148	0	0	0	0	0
1095	1094.9	19.2	49	4851	0	0	0	0	0
1096	1095.9	16.49	45	4455	0	0	0	0	0
1097	1096.9	22.03	41	4059	0	0	0	0	0
1098	1097.9	22.99	38	3762	0	0	0	0	0
1099	1098.9	28.45	37	3663	0	0	0	0	0
1100	1099.9	16.87	36	3564	0	0	0	0	0
1101	1100.9	28.48	34	3366	0	0	0	0	0
1102	1101.9	35.2	31	3069	0	0	0	0	0
1103	1102.9	150.1	31	3069	0	0	0	0	0
1104	1103.9	95.72	29	2871	0	0	0	0	0
1105	1104.9	95.72	29	2871	0	0	0	0	0
1106	1105.9	127.63	28	2772	0	0	0	0	0
1107	1106.9	95.72	27	2673	0	0	0	0	0
1108	1107.9	127.63	26	2574	0	0	0	0	0
1109	1108.9	127.63	24	2376	0	0	0	0	0
1110	1109.9	159.53	23	2277	0	0	0	0	0
1111	1110.9	68.24	20	1980	0	0	0	0	0
1112	1111.9	20.95	19	1881	0	0	0	0	0
1113	1112.9	20.08	17	1683	0	0	0	0	0
1114	1113.9	18.86	16	1584	0	0	0	0	0
1115	1114.9	21.28	15	1485	0	0	0	0	0
1116	1115.9	13.11	14	1386	0	0	0	0	0
1117	1116.9	22.81	15	1485	0	0	0	0	0
1118	1117.9	21.15	15	1485	0	0	0	0	0
1119	1118.9	12.79	14	1386	0	0	0	0	0
1120	1119.9	21.66	13	1287	0	0	0	0	0
1121	1120.9	27.31	12	1188	0	0	0	0	0
1122	1121.9	15.91	12	1188	0	0	0	0	0
1123	1122.9	21.91	11	1089	0	0	0	0	0
1124	1123.9	29.35	11	1089	0	0	0	0	0
1125	1124.9	26.26	11	1089	0	0	0	0	0
1126	1125.9	30.58	12	1188	0	0	0	0	0
1127	1126.9	30.13	13	1287	0	0	0	0	0
1128	1127.9	16.51	15	1485	0	0	0	0	0
1129	1128.9	42.48	15	1485	0	0	0	0	0
1130	1129.9	36.17	14	1386	0	0	0	0	0
1131	1130.9	42.77	13	1287	0	0	0	0	0
1132	1131.9	32.34	12	1188	0	0	0	0	0
1133	1132.9	17.92	12	1188	0	0	0	0	0
1134	1133.9	22.71	12	1188	0	0	0	0	0
1135	1134.9	47.55	13	1287	0	0	0	0	0
1136	1135.9	21.17	13	1287	0	0	0	0	0
1137	1136.9	33.29	14	1386	0	0	0	0	0
1138	1137.9	27.04	15	1485	0	0	0	0	0
1139	1138.9	34.95	15	1485	0	0	0	0	0
1140	1139.9	36.06	17	1683	0	0	0	0	0
1141	1140.9	47.71	17	1683	0	0	0	0	0
1142	1141.9	25.91	19	1881	0	0	0	0	0
1143	1142.9	24.93	26	2574	0	0	0	0	0
1144	1143.9	28.93	31	3069	0	0	0	0	0
1145	1144.9	27.58	34	3366	0	0	0	0	0
1146	1145.9	29.14	39	3861	0	0	0	0	0
1147	1146.9	31.52	40	3960	0	0	0	0	0
1148	1147.9	49.46	39	3861	0	0	0	0	0
1149	1148.9	43.71	38	3762	0	0	0	0	0
1150	1149.9	44.82	39	3861	0	0	0	0	0
1151	1150.9	35.12	42	4158	0	0	0	0	0
1152	1151.9	47.73	49	4851	0	0	0	0	0
1153	1152.9	48.78	56	5544	0	0	0	0	0
1154	1153.9	41.92	63	6237	0	0	0	0	0
1155	1154.9	32.27	62	6138	0	0	0	0	0
1156	1155.9	32.31	61	6039	0	0	0	0	0
1157	1156.9	34.67	59	5841	0	0	0	0	0
1158	1157.9	23.93	57	5643	0	0	0	0	0
1159	1158.9	94.97	51	5049	0	0	0	0	0
1160	1159.9	60.37	40	3960	0	0	0	0	0
1161	1160.9	41.54	33	3267	0	0	0	0	0
1162	1161.9	51.29	31	3069	0	0	0	0	0
1163	1162.9	63.65	29	2871	0	0	0	0	0
1164	1163.9	57.25	29	2871	0	0	0	0	0
1165	1164.9	33.74	28	2772	0	0	0	0	0
1166	1165.9	45.45	27	2673	0	0	0	0	0
1167	1166.9	44.91	24	2376	0	0	0	0	0
1168	1167.9	71.79	22	2178	0	0	0	0	0
1169	1168.9	33.03	21	2079	0	0	0	0	0
1170	1169.9	43.93	22	2178	0	0	0	0	0
1171	1170.9	48	22	2178	0	0	0	0	0
1172	1171.9	64.86	21	2079	0	0	0	0	0
1173	1172.9	32.99	22	2178	0	0	0	0	0
1174	1173.9	25.26	23	2277	0	0	0	0	0
1175	1174.9	32.5	22	2178	0	0	0	0	0
1176	1175.9	33.34	22	2178	0	0	0	0	0
1177	1176.9	41.8	21	2079	0	0	0	0	0
1178	1177.9	30.94	22	2178	0	0	0	0	0
1179	1178.9	32.22	21	2079	0	0	0	0	0
1180	1179.9	30.21	23	2277	0	0	0	0	0
1181	1180.9	43.46	24	2376	0	0	0	0	0
1182	1181.9	45.5	25	2475	0	0	0	0	0
1183	1182.9	53.69	27	2673	0	0	0	0	0
1184	1183.9	43.59	30	2970	0	0	0	0	0
1185	1184.9	33.28	31	3069	0	0	0	0	0
1186	1185.9	44.35	34	3366	0	0	0	0	0
1187	1186.9	32.97	32	3168	0	0	0	0	0
1188	1187.9	83.7	31	3069	0	0	0	0	0
1189	1188.9	37.76	27	2673	0	0	0	0	0
1190	1189.9	43.81	24	2376	0	0	0	0	0
1191	1190.9	47.4	21	2079	0	0	0	0	0
1192	1191.9	32.49	19	1881	0	0	0	0	0
1193	1192.9	25.34	18	1782	0	0	0	0	0
1194	1193.9	29.01	17	1683	0	0	0	0	0
1195	1194.9	40.33	17	1683	0	0	0	0	0
1196	1195.9	26.94	18	1782	0	0	0	0	0
1197	1196.9	32.18	17	1683	0	0	0	0	0
1198	1197.9	32.5	16	1584	0	0	0	0	0
1199	1198.9	38.02	15	1485	0	0	0	0	0
1200	1199.9	37.39	14	1386	0	0	0	0	0
1201	1200.9	83.59	13	1287	0	0	0	0	0
1202	1201.9	41.51	13	1287	0	0	0	0	0
1203	1202.9	42.6	14	1386	0	0	0	0	0
1204	1203.9	57.96	14	1386	0	0	0	0	0
1205	1204.9	68.21	16	1584	0	0	0	0	0
1206	1205.9	60.35	17	1683	0	0	0	0	0
1207	1206.9	65.65	18	1782	0	0	0	0	0
1208	1207.9	56.37	20	1980	0	0	0	0	0
1209	1208.9	56.95	18	1782	0	0	0	0	0
1210	1209.9	54.2	17	1683	0	0	0	0	0
1211	1210.9	48.5	15	1485	0	0	0	0	0
1212	1211.9	29.41	14	1386	0	0	0	0	0
1213	1212.9	38.56	13	1287	0	0	0	0	0
1214	1213.9	40.63	12	1188	0	0	0	0	0
1215	1214.9	29.65	11	1089	0	0	0	0	0
1216	1215.9	25.02	10	990	0	0	0	0	0
1217	1216.9	25.34	10	990	0	0	0	0	0
1218	1217.9	40	10	990	0	0	0	0	0
1219	1218.9	31.46	9	891	0	0	0	0	0
1220	1219.9	36.17	9	891	0	0	0	0	0
1221	1220.9	28.38	8	792	0	0	0	0	0
1222	1221.9	22.34	9	891	0	0	0	0	0
1223	1222.9	16.24	9	891	0	0	0	0	0
1224	1223.9	25.64	10	990	0	0	0	0	0
1225	1224.9	22.06	10	990	0	0	0	0	0
1226	1225.9	21.5	10	990	0	0	0	0	0
1227	1226.9	65.61	10	990	0	0	0	0	0
1228	1227.9	47.87	11	1089	0	0	0	0	0
1229	1228.9	47.56	12	1188	0	0	0	0	0
1230	1229.9	49.2	11	1089	0	0	0	0	0
1231	1230.9	52.07	11	1089	0	0	0	0	0
1232	1231.9	28.4	12	1188	0	0	0	0	0
1233	1232.9	21.43	12	1188	0	0	0	0	0
1234	1233.9	58.73	11	1089	0	0	0	0	0
1235	1234.9	42.92	10	990	0	0	0	0	0
1236	1235.9	46.75	10	990	0	0	0	0	0
1237	1236.9	51.66	11	1089	0	0	0	0	0
1238	1237.9	57.86	14	1386	0	0	0	0	0
1239	1238.9	37.51	16	1584	0	0	0	0	0
1240	1239.9	24.68	22	2178	0	0	0	0	0
1241	1240.9	18	24	2376	0	0	0	0	0
1242	1241.9	32.03	21	2079	0	0	0	0	0
1243	1242.9	32.66	19	1881	0	0	0	0	0
1244	1243.9	24.87	17	1683	0	0	0	0	0
1245	1244.9	22.32	15	1485	0	0	0	0	0
1246	1245.9	33.07	14	1386	0	0	0	0	0
1247	1246.9	22.12	12	1188	0	0	0	0	0
1248	1247.9	18.67	11	1089	0	0	0	0	0
1249	1248.9	17.69	10	990	0	0	0	0	0
1250	1249.9	24.05	9	891	0	0	0	0	0
1251	1250.9	25.82	9	891	0	0	0	0	0
1252	1251.9	26.66	8	792	0	0	0	0	0
1253	1252.9	18.94	7	693	0	0	0	0	0
1254	1253.9	14.45	6	594	0	0	0	0	0
1255	1254.9	15.48	6	594	0	0	0	0	0
1256	1255.9	21.64	7	693	0	0	0	0	0
1257	1256.9	20.25	7	693	0	0	0	0	0
1258	1257.9	24.83	8	792	0	0	0	0	0
1259	1258.9	21.46	8	792	0	0	0	0	0
1260	1259.9	24.62	9	891	0	0	0	0	0
1261	1260.9	26.18	9	891	0	0	0	0	0
1262	1261.9	41.86	10	990	0	0	0	0	0
1263	1262.9	69.61	11	1089	0	0	0	0	0
1264	1263.9	63.9	12	1188	0	0	0	0	0
1265	1264.9	89.29	19	1881	0	0	0	0	0
1266	1265.9	108.61	25	2475	0	0	0	0	0
1267	1266.9	85.9	28	2772	0	0	0	0	0
1268	1267.9	33.33	27	2673	0	0	0	0	0
1269	1268.9	22.63	29	2871	0	0	0	0	0
1270	1269.9	22.12	35	3465	0	0	0	0	0
1271	1270.9	22.48	38	3762	0	0	0	0	0
1272	1271.9	27.15	95	9405	0	0	0	0	0
1273	1272.9	32.37	163	16137	0	0	0	0	0
1274	1273.9	22.47	227	22473	0	0	0	0	0
1275	1274.9	24.74	337	33363	0	0	0	0	0
1276	1275.9	14.55	380	37620	0	0	0	0	0
1277	1276.9	19.11	372	36828	0	0	0	0	0
1278	1277.9	17.32	350	34650	0	0	0	0	0
1279	1278.9	21.76	286	28314	0	0	0	0	0
1280	1279.9	21.57	241	23859	0	0	0	0	0
1281	1280.9	18.57	184	18216	0	0	0	0	0
1282	1281.9	16.84	103	10197	0	0	0	0	0
1283	1282.9	28.23	76	7524	0	0	0	0	0
1284	1283.9	20.49	51	5049	0	0	0	0	0
1285	1284.9	28.66	35	3465	0	0	0	0	0
1286	1285.9	36.55	31	3069	0	0	0	0	0
1287	1286.9	34.37	28	2772	0	0	0	0	0
1288	1287.9	42.86	25	2475	0	0	0	0	0
1289	1288.9	35.7	26	2574	0	0	0	0	0
1290	1289.9	42.31	32	3168	0	0	0	0	0
1291	1290.9	51.53	36	3564	0	0	0	0	0
1292	1291.9	29.48	42	4158	0	0	0	0	0
1293	1292.9	34.8	47	4653	0	0	0	0	0
1294	1293.9	30.73	52	5148	0	0	0	0	0
1295	1294.9	26.92	49	4851	0	0	0	0	0
1296	1295.9	26.07	47	4653	0	0	0	0	0
1297	1296.9	28.27	42	4158	0	0	0	0	0
1298	1297.9	34.1	39	3861	0	0	0	0	0
1299	1298.9	25	37	3663	0	0	0	0	0
1300	1299.9	34.61	36	3564	0	0	0	0	0
1301	1300.9	35.09	36	3564	0	0	0	0	0
1302	1301.9	21.31	35	3465	0	0	0	0	0
1303	1302.9	33.71	32	3168	0	0	0	0	0
1304	1303.9	76.77	30	2970	0	0	0	0	0
1305	1304.9	87.29	28	2772	0	0	0	0	0
1306	1305.9	49.47	29	2871	0	0	0	0	0
1307	1306.9	52.69	38	3762	0	0	0	0	0
1308	1307.9	49.8	66	6534	0	0	0	0	0
1309	1308.9	40.27	133	13167	0	0	0	0	0
1310	1309.9	46.66	205	20295	0	0	0	0	0
1311	1310.9	36.4	440	43560	0	0	0	0	0
1312	1311.9	34.87	708	70092	0	0	0	0	0
1313	1312.9	28.63	510	50490	0	0	0	0	0
1314	1313.9	34.93	245	24255	0	0	0	0	0
1315	1314.9	29.98	178	17622	0	0	0	0	0
1316	1315.9	18.95	169	16731	0	0	0	0	0
1317	1316.9	6.83	162	16038	0	0	0	0	0
1318	1317.9	14.17	167	16533	0	0	0	0	0
1319	1318.9	19.88	171	16929	0	0	0	0	0
1320	1319.9	19.48	174	17226	0	0	0	0	0
1321	1320.9	25.07	179	17721	0	0	0	0	0
1322	1321.9	13.42	181	17919	0	0	0	0	0
1323	1322.9	13.25	189	18711	0	0	0	0	0
1324	1323.9	13.36	190	18810	0	0	0	0	0
1325	1324.9	14.75	208	20592	0	0	0	0	0
1326	1325.9	18.56	216	21384	0	0	0	0	0
1327	1326.9	17.97	229	22671	0	0	0	0	0
1328	1327.9	20.3	238	23562	0	0	0	0	0
1329	1328.9	14.71	246	24354	0	0	0	0	0
1330	1329.9	16.09	259	25641	0	0	0	0	0
1331	1330.9	28.06	278	27522	0	0	0	0	0
1332	1331.9	83.4	280	27720	0	0	0	0	0
1333	1332.9	28.46	257	25443	0	0	0	0	0
1334	1333.9	50.29	243	24057	0	0	0	0	0
1335	1334.9	27.63	243	24057	0	0	0	0	0
1336	1335.9	30.6	238	23562	0	0	0	0	0
1337	1336.9	46.77	235	23265	0	0	0	0	0
1338	1337.9	23.02	228	22572	0	0	0	0	0
1339	1338.9	21.5	218	21582	0	0	0	0	0
1340	1339.9	23.8	215	21285	0	0	0	0	0
1341	1340.9	25.29	210	20790	0	0	0	0	0
1342	1341.9	24.32	209	20691	0	0	0	0	0
1343	1342.9	36.65	209	20691	0	0	0	0	0
1344	1343.9	63.34	201	19899	0	0	0	0	0
1345	1344.9	60.15	196	19404	0	0	0	0	0
1346	1345.9	41.03	185	18315	0	0	0	0	0
1347	1346.9	86.41	178	17622	0	0	0	0	0
1348	1347.9	46.87	171	16929	0	0	0	0	0
1349	1348.9	57.87	165	16335	0	0	0	0	0
1350	1349.9	53.31	163	16137	0	0	0	0	0
1351	1350.9	40.66	152	15048	0	0	0	0	0
1352	1351.9	66.22	135	13365	0	0	0	0	0
1353	1352.9	43.65	129	12771	0	0	0	0	0
1354	1353.9	71.62	121	11979	0	0	0	0	0
1355	1354.9	23.96	120	11880	0	0	0	0	0
1356	1355.9	26.63	114	11286	0	0	0	0	0
1357	1356.9	53.96	112	11088	0	0	0	0	0
1358	1357.9	66.73	110	10890	0	0	0	0	0
1359	1358.9	63.61	102	10098	0	0	0	0	0
1360	1359.9	29.71	101	9999	0	0	0	0	0
1361	1360.9	50.5	98	9702	0	0	0	0	0
1362	1361.9	22.74	96	9504	0	0	0	0	0
1363	1362.9	30.82	94	9306	0	0	0	0	0
1364	1363.9	30.74	92	9108	0	0	0	0	0
1365	1364.9	26.77	82	8118	0	0	0	0	0
1366	1365.9	16.97	74	7326	0	0	0	0	0
1367	1366.9	19.58	63	6237	0	0	0	0	0
1368	1367.9	25.78	62	6138	0	0	0	0	0
1369	1368.9	20.38	50	4950	0	0	0	0	0
1370	1369.9	20.05	48	4752	0	0	0	0	0
1371	1370.9	19.91	39	3861	0	0	0	0	0
1372	1371.9	22.08	32	3168	0	0	0	0	0
1373	1372.9	13.39	29	2871	0	0	0	0	0
1374	1373.9	18.05	25	2475	0	0	0	0	0
1375	1374.9	20.26	23	2277	0	0	0	0	0
1376	1375.9	20.41	21	2079	0	0	0	0	0
1377	1376.9	14.62	20	1980	0	0	0	0	0
1378	1377.9	22.28	20	1980	0	0	0	0	0
1379	1378.9	16.11	19	1881	0	0	0	0	0
1380	1379.9	21.66	18	1782	0	0	0	0	0
1381	1380.9	18.18	18	1782	0	0	0	0	0
1382	1381.9	21.99	17	1683	0	0	0	0	0
1383	1382.9	17.51	16	1584	0	0	0	0	0
1384	1383.9	17.8	15	1485	0	0	0	0	0
1385	1384.9	16.43	16	1584	0	0	0	0	0
1386	1385.9	16.05	17	1683	0	0	0	0	0
1387	1386.9	56.84	19	1881	0	0	0	0	0
1388	1387.9	10.77	21	2079	0	0	0	0	0
1389	1388.9	18.68	22	2178	0	0	0	0	0
1390	1389.9	26.79	25	2475	0	0	0	0	0
1391	1390.9	22.24	26	2574	0	0	0	0	0
1392	1391.9	50.93	27	2673	0	0	0	0	0
1393	1392.9	82.55	27	2673	0	0	0	0	0
1394	1393.9	56.59	28	2772	0	0	0	0	0
1395	1394.9	49.98	29	2871	0	0	0	0	0
1396	1395.9	32.15	33	3267	0	0	0	0	0
1397	1396.9	34.9	35	3465	0	0	0	0	0
1398	1397.9	43.45	29	2871	0	0	0	0	0
1399	1398.9	50.46	28	2772	0	0	0	0	0
1400	1399.9	47.31	27	2673	0	0	0	0	0
1401	1400.9	33.69	27	2673	0	0	0	0	0
1402	1401.9	19.86	26	2574	0	0	0	0	0
1403	1402.9	12.48	26	2574	0	0	0	0	0
1404	1403.9	72.75	25	2475	0	0	0	0	0
1405	1404.9	98.48	24	2376	0	0	0	0	0
1406	1405.9	75.77	23	2277	0	0	0	0	0
1407	1406.9	18.59	21	2079	0	0	0	0	0
1408	1407.9	49.05	17	1683	0	0	0	0	0
1409	1408.9	86.56	15	1485	0	0	0	0	0
1410	1409.9	75.24	14	1386	0	0	0	0	0
1411	1410.9	91.76	13	1287	0	0	0	0	0
1412	1411.9	98.68	12	1188	0	0	0	0	0
1413	1412.9	52.78	12	1188	0	0	0	0	0
1414	1413.9	13.98	11	1089	0	0	0	0	0
1415	1414.9	30.9	11	1089	0	0	0	0	0
1416	1415.9	20.72	10	990	0	0	0	0	0
1417	1416.9	11.18	10	990	0	0	0	0	0
1418	1417.9	10.35	10	990	0	0	0	0	0
1419	1418.9	17.36	11	1089	0	0	0	0	0
1420	1419.9	39.24	11	1089	0	0	0	0	0
1421	1420.9	19.12	12	1188	0	0	0	0	0
1422	1421.9	32.51	13	1287	0	0	0	0	0
1423	1422.9	29.8	12	1188	0	0	0	0	0
1424	1423.9	18.85	12	1188	0	0	0	0	0
1425	1424.9	32.55	12	1188	0	0	0	0	0
1426	1425.9	38.89	11	1089	0	0	0	0	0
1427	1426.9	15.61	12	1188	0	0	0	0	0
1428	1427.9	16.03	12	1188	0	0	0	0	0
1429	1428.9	16.4	13	1287	0	0	0	0	0
1430	1429.9	15.61	14	1386	0	0	0	0	0
1431	1430.9	19.11	14	1386	0	0	0	0	0
1432	1431.9	15.52	15	1485	0	0	0	0	0
1433	1432.9	12.31	15	1485	0	0	0	0	0
1434	1433.9	17.71	16	1584	0	0	0	0	0
1435	1434.9	98.08	17	1683	0	0	0	0	0
1436	1435.9	130.5	17	1683	0	0	0	0	0
1437	1436.9	92.17	18	1782	0	0	0	0	0
1438	1437.9	33.14	19	1881	0	0	0	0	0
1439	1438.9	14.32	20	1980	0	0	0	0	0
1440	1439.9	13.44	21	2079	0	0	0	0	0
1441	1440.9	16.2	21	2079	0	0	0	0	0
1442	1441.9	49.82	22	2178	0	0	0	0	0
1443	1442.9	84.47	23	2277	0	0	0	0	0
1444	1443.9	74.5	24	2376	0	0	0	0	0
1445	1444.9	92.05	26	2574	0	0	0	0	0
1446	1445.9	94.63	27	2673	0	0	0	0	0
1447	1446.9	22.49	28	2772	0	0	0	0	0
1448	1447.9	47.77	29	2871	0	0	0	0	0
1449	1448.9	38.05	29	2871	0	0	0	0	0
1450	1449.9	24.11	30	2970	0	0	0	0	0
1451	1450.9	24.99	31	3069	0	0	0	0	0
1452	1451.9	30.87	32	3168	0	0	0	0	0
1453	1452.9	48.19	33	3267	0	0	0	0	0
1454	1453.9	32.69	34	3366	0	0	0	0	0
1455	1454.9	32.6	35	3465	0	0	0	0	0
1456	1455.9	42.76	36	3564	0	0	0	0	0
1457	1456.9	38.77	37	3663	0	0	0	0	0
1458	1457.9	35.5	39	3861	0	0	0	0	0
1459	1458.9	42.25	41	4059	0	0	0	0	0
1460	1459.9	24.07	42	4158	0	0	0	0	0
1461	1460.9	30.35	44	4356	0	0	0	0	0
1462	1461.9	33.56	40	3960	0	0	0	0	0
1463	1462.9	39.05	37	3663	0	0	0	0	0
1464	1463.9	16.07	31	3069	0	0	0	0	0
1465	1464.9	23.73	26	2574	0	0	0	0	0
1466	1465.9	14.59	21	2079	0	0	0	0	0
1467	1466.9	19.94	18	1782	0	0	0	0	0
1468	1467.9	17.39	17	1683	0	0	0	0	0
1469	1468.9	22.19	15	1485	0	0	0	0	0
1470	1469.9	24.89	13	1287	0	0	0	0	0
1471	1470.53	17.91	10	990	0	0	0	0	0
1472	1471.69	16.53	10	990	0	0	0	0	0
1473	1472.53	28.32	8	792	0	0	0	0	0
1474	1473.52	28.71	8	792	0	0	0	0	0
1475	1474.53	24.66	9	891	0	0	0	0	0
1476	1475.53	22.01	9	891	0	0	0	0	0
1477	1476.53	23.72	10	990	0	0	0	0	0
1478	1477.53	30.71	10	990	0	0	0	0	0
1479	1478.53	29.64	13	1287	0	0	0	0	0
1480	1479.53	26.42	13	1287	0	0	0	0	0
1481	1480.53	18	16	1584	0	0	0	0	0
1482	1481.53	15.78	16	1584	0	0	0	0	0
1483	1482.53	20.2	14	1386	0	0	0	0	0
1484	1483.53	20.71	11	1089	0	0	0	0	0
1485	1484.53	23.89	11	1089	0	0	0	0	0
1486	1485.53	20.08	12	1188	0	0	0	0	0
1487	1486.53	12.18	14	1386	0	0	0	0	0
1488	1487.53	10.93	12	1188	0	0	0	0	0
1489	1488.53	11.12	10	990	0	0	0	0	0
1490	1489.53	16.84	10	990	0	0	0	0	0
1491	1490.53	16.96	8	792	0	0	0	0	0
1492	1491.53	13.78	8	792	0	0	0	0	0
1493	1492.53	12.32	8	792	0	0	0	0	0
1494	1493.53	11.15	8	792	0	0	0	0	0
1495	1494.52	9.53	7	693	0	0	0	0	0
1496	1495.53	21.84	7	693	0	0	0	0	0
1497	1496.53	20.76	7	693	0	0	0	0	0
1498	1497.53	22.68	6	594	0	0	0	0	0
1499	1498.53	13.32	6	594	0	0	0	0	0
1500	1499.53	16.8	6	594	0	0	0	0	0
1501	1500.53	10.79	6	594	0	0	0	0	0
1502	1501.53	9.76	6	594	0	0	0	0	0
1503	1502.53	8	5	495	0	0	0	0	0
1504	1503.53	7.5	5	495	0	0	0	0	0
1505	1504.53	3.06	5	495	0	0	0	0	0
1506	1505.53	10	5	495	0	0	0	0	0
1507	1506.53	12.62	5	495	0	0	0	0	0
1508	1507.53	12.88	5	495	0	0	0	0	0
1509	1508.53	8.24	4	396	0	0	0	0	0
1510	1509.53	32.28	4	396	0	0	0	0	0
1511	1510.53	31.17	4	396	0	0	0	0	0
1512	1511.53	29.32	3	297	0	0	0	0	0
1513	1512.53	18.2	3	297	0	0	0	0	0
1514	1513.53	24.86	3	297	0	0	0	0	0
1515	1514.53	30.09	3	297	0	0	0	0	0
1516	1515.53	14.94	2	198	0	0	0	0	0
1517	1516.53	17.96	2	198	0	0	0	0	0
1518	1517.53	29.6	2	198	0	0	0	0	0
1519	1518.53	39.24	2	198	0	0	0	0	0
1520	1519.53	40.93	2	198	0	0	0	0	0
1521	1520.53	21.28	3	297	0	0	0	0	0
1522	1521.44	24.84	3	297	0	0	0	0	0
1523	1522.53	31.84	3	297	0	0	0	0	0
1524	1523.52	18.18	4	396	0	0	0	0	0
1525	1524.53	21.07	4	396	0	0	0	0	0
1526	1525.53	15.26	4	396	0	0	0	0	0
1527	1526.53	8.01	6	594	0	0	0	0	0
1528	1527.53	11.8	7	693	0	0	0	0	0
1529	1528.53	50.33	5	495	0	0	0	0	0
1530	1529.53	17.2	5	495	0	0	0	0	0
1531	1530.53	19.98	4	396	0	0	0	0	0
1532	1531.53	13.02	3	297	0	0	0	0	0
1533	1532.53	11.95	4	396	0	0	0	0	0
1534	1533.53	26.51	6	594	0	0	0	0	0
1535	1534.53	20.57	8	792	0	0	0	0	0
1536	1535.53	16.18	11	1089	0	0	0	0	0
1537	1536.52	11.83	17	1683	0	0	0	0	0
1538	1537.53	10.95	13	1287	0	0	0	0	0
1539	1538.53	18.99	10	990	0	0	0	0	0
1540	1539.53	21.71	10	990	0	0	0	0	0
1541	1540.53	15.17	13	1287	0	0	0	0	0
1542	1541.53	22.31	14	1386	0	0	0	0	0
1543	1542.53	24.43	15	1485	0	0	0	0	0
1544	1543.53	12.98	12	1188	0	0	0	0	0
1545	1544.53	15.42	8	792	0	0	0	0	0
1546	1545.53	25.55	8	792	0	0	0	0	0
1547	1546.53	27.23	9	891	0	0	0	0	0
1548	1547.53	27.7	6	594	0	0	0	0	0
1549	1548.53	20.26	6	594	0	0	0	0	0
1550	1549.53	25.1	6	594	0	0	0	0	0
1551	1550.38	25.22	3	297	0	0	0	0	0
1552	1551.55	49.68	3	297	0	0	0	0	0
1553	1552.56	35.5	2	198	0	0	0	0	0
1554	1553.53	28	2	198	0	0	0	0	0
1555	1554.53	20	2	198	0	0	0	0	0
1556	1555.53	15	3	297	0	0	0	0	0
1557	1556.53	10	3	297	0	0	0	0	0
1558	1557.53	8.36	3	297	0	0	0	0	0
1559	1558.52	8	4	396	0	0	0	0	0
1560	1559.53	8	4	396	0	0	0	0	0
1561	1560.53	10	4	396	0	0	0	0	0
1562	1561.53	11	3	297	0	0	0	0	0
1563	1562.53	12	3	297	0	0	0	0	0
1564	1563.53	13	2	198	0	0	0	0	0
1565	1564.53	14	2	198	0	0	0	0	0
1566	1565.53	10	2	198	0	0	0	0	0
1567	1566.47	8	2	198	0	0	0	0	0
1568	1566.81	7.2	2	198	0	0	0	0	0
1569	1568.53	6	2	198	0	0	0	0	0
1570	1569.49	8	2	198	0	0	0	0	0
1571	1570.53	10	2	198	0	0	0	0	0
1572	1571.53	11	2	198	0	0	0	0	0
1573	1572.53	12	2	198	0	0	0	0	0
1574	1573.53	13	3	297	0	0	0	0	0
1575	1574.53	10	3	297	0	0	0	0	0
1576	1575.53	7.02	3	297	0	0	0	0	0
1577	1576.53	7.1	4	396	0	0	0	0	0
1578	1577.53	18.1	4	396	0	0	0	0	0
1579	1578.53	11.43	5	495	0	0	0	0	0
1580	1579.53	19.49	5	495	0	0	0	0	0
1581	1580.53	21	6	594	0	0	0	0	0
1582	1581.53	15.21	6	594	0	0	0	0	0
1583	1582.53	15.01	5	495	0	0	0	0	0
1584	1583.75	15.86	4	396	0	0	0	0	0
1585	1584.75	12.36	4	396	0	0	0	0	0
1586	1585.75	14.54	5	495	0	0	0	0	0
1587	1586.75	14.86	4	396	0	0	0	0	0
1588	1587.75	11.9	4	396	0	0	0	0	0
1589	1588.75	15.6	5	495	0	0	0	0	0
1590	1589.75	12.31	5	495	0	0	0	0	0
1591	1590.75	12.2	5	495	0	0	0	0	0
1592	1591.75	14.2	5	495	0	0	0	0	0
1593	1592.75	13.61	5	495	0	0	0	0	0
1594	1593.75	15.4	5	495	0	0	0	0	0
1595	1594.75	13.8	5	495	0	0	0	0	0
1596	1595.75	16.4	6	594	0	0	0	0	0
1597	1596.75	18.4	6	594	0	0	0	0	0
1598	1597.75	17.6	7	693	0	0	0	0	0
1599	1598.75	18.1	6	594	0	0	0	0	0
1600	1599.75	17.45	6	594	0	0	0	0	0
1601	1600.55	23.18	3	297	0	0	0	0	0
1602	1601.55	25.64	3	297	0	0	0	0	0
1603	1602.55	22.86	3	297	0	0	0	0	0
1604	1603.55	25.23	4	396	0	0	0	0	0
1605	1604.55	20.93	4	396	0	0	0	0	0
1606	1605.55	13.8	4	396	0	0	0	0	0
1607	1606.55	16.97	4	396	0	0	0	0	0
1608	1607.55	20.2	4	396	0	0	0	0	0
1609	1608.55	13.25	4	396	0	0	0	0	0
1610	1609.55	11.58	4	396	0	0	0	0	0
1611	1610.37	4.08	4	396	0	0	0	0	0
1612	1611.35	9.6	5	495	0	0	0	0	0
1613	1612.33	12.66	5	495	0	0	0	0	0
1614	1613.31	18.36	5	495	0	0	0	0	0
1615	1614.29	18.5	5	495	0	0	0	0	0
1616	1615.27	19.37	6	594	0	0	0	0	0
1617	1616.25	18.82	6	594	0	0	0	0	0
1618	1617.23	16.04	6	594	0	0	0	0	0
1619	1618.2	16.12	6	594	0	0	0	0	0
1620	1619.18	19.43	5	495	0	0	0	0	0
1621	1620.16	14.04	5	495	0	0	0	0	0
1622	1621.14	8.35	5	495	0	0	0	0	0
1623	1622.12	9.9	5	495	0	0	0	0	0
1624	1623.1	14.49	6	594	0	0	0	0	0
1625	1624.08	20.01	6	594	0	0	0	0	0
1626	1625.06	21.61	6	594	0	0	0	0	0
1627	1626.04	15.52	6	594	0	0	0	0	0
1628	1627.02	13.84	5	495	0	0	0	0	0
1629	1628	14.95	5	495	0	0	0	0	0
1630	1628.97	13.9	5	495	0	0	0	0	0
1631	1629.95	15.9	5	495	0	0	0	0	0
1632	1630.93	25.65	6	594	0	0	0	0	0
1633	1631.91	21.93	6	594	0	0	0	0	0
1634	1632.89	31.08	6	594	0	0	0	0	0
1635	1633.87	20.02	6	594	0	0	0	0	0
1636	1634.85	17.88	6	594	0	0	0	0	0
1637	1635.83	19.09	6	594	0	0	0	0	0
1638	1636.81	23.67	7	693	0	0	0	0	0
1639	1637.79	22.74	7	693	0	0	0	0	0
1640	1638.77	22.44	7	693	0	0	0	0	0
1641	1639.74	18.93	6	594	0	0	0	0	0
1642	1640.72	21.77	6	594	0	0	0	0	0
1643	1641.7	17.52	6	594	0	0	0	0	0
1644	1642.68	28.28	5	495	0	0	0	0	0
1645	1643.66	28.9	5	495	0	0	0	0	0
1646	1644.64	31.24	6	594	0	0	0	0	0
1647	1645.62	26.41	6	594	0	0	0	0	0
1648	1646.6	25.72	5	495	0	0	0	0	0
1649	1647.58	22.93	5	495	0	0	0	0	0
1650	1648.56	19.94	5	495	0	0	0	0	0
1651	1649.53	22.84	6	594	0	0	0	0	0
1652	1650.51	23.47	6	594	0	0	0	0	0
1653	1651.49	19.15	6	594	0	0	0	0	0
1654	1652.47	23.2	7	693	0	0	0	0	0
1655	1653.45	14.98	7	693	0	0	0	0	0
1656	1654.43	18.16	7	693	0	0	0	0	0
1657	1655.41	35.64	8	792	0	0	0	0	0
1658	1656.39	40.4	8	792	0	0	0	0	0
1659	1657.37	29.25	9	891	0	0	0	0	0
1660	1658.35	19.71	10	990	0	0	0	0	0
1661	1659.32	14.85	12	1188	0	0	0	0	0
1662	1660.3	19.92	13	1287	0	0	0	0	0
1663	1661.28	27.95	15	1485	0	0	0	0	0
1664	1662.26	27.61	16	1584	0	0	0	0	0
1665	1663.24	28.51	17	1683	0	0	0	0	0
1666	1664.22	30.03	17	1683	0	0	0	0	0
1667	1665.2	22.79	16	1584	0	0	0	0	0
1668	1666.18	24.36	17	1683	0	0	0	0	0
1669	1667.16	25	16	1584	0	0	0	0	0
1670	1668.14	22.19	15	1485	0	0	0	0	0
1671	1669.12	20.09	14	1386	0	0	0	0	0
1672	1670.09	21.23	13	1287	0	0	0	0	0
1673	1671.07	16.99	12	1188	0	0	0	0	0
1674	1672.05	18.57	13	1287	0	0	0	0	0
1675	1673.03	21.33	14	1386	0	0	0	0	0
1676	1674.01	21.83	13	1287	0	0	0	0	0
1677	1674.99	20.53	12	1188	0	0	0	0	0
1678	1675.97	18.67	11	1089	0	0	0	0	0
1679	1676.95	10.63	11	1089	0	0	0	0	0
1680	1677.93	16.41	10	990	0	0	0	0	0
1681	1678.91	16.51	12	1188	0	0	0	0	0
1682	1679.89	25.96	14	1386	0	0	0	0	0
1683	1680.86	20.34	15	1485	0	0	0	0	0
1684	1681.84	16.96	14	1386	0	0	0	0	0
1685	1682.82	19.68	13	1287	0	0	0	0	0
1686	1683.8	20.33	13	1287	0	0	0	0	0
1687	1684.78	27.94	16	1584	0	0	0	0	0
1688	1685.76	31.24	16	1584	0	0	0	0	0
1689	1686.74	30.26	19	1881	0	0	0	0	0
1690	1687.72	25.17	19	1881	0	0	0	0	0
1691	1688.7	28.78	17	1693	0	0	0	0	0
1692	1689.68	23.37	19	1871	0	0	0	0	0
1693	1690.65	20.95	17	1713	0	0	0	0	0
1694	1691.63	16.22	15	1485	0	0	0	0	0
1695	1692.61	21.41	15	1485	0	0	0	0	0
1696	1693.59	21.41	14	1386	0	0	0	0	0
1697	1694.57	27.68	13	1287	0	0	0	0	0
1698	1695.55	29.88	12	1188	0	0	0	0	0
1699	1696.53	4.64	11	1089	0	0	0	0	0
1700	1697.51	34.21	10	990	0	0	0	0	0
1701	1698.49	42.6	10	990	0	0	0	0	0
1702	1699.47	24.12	9	891	0	0	0	0	0
1703	1700.44	26.08	10	990	0	0	0	0	0
1704	1701.42	28.79	11	1089	0	0	0	0	0
1705	1702.4	31.89	12	1188	0	0	0	0	0
1706	1703.38	35.56	14	1386	0	0	0	0	0
1707	1704.36	31.42	15	1485	0	0	0	0	0
1708	1705.34	38.94	17	1683	0	0	0	0	0
1709	1706.32	49.98	17	1683	0	0	0	0	0
1710	1707.3	30.36	18	1782	0	0	0	0	0
1711	1708.28	30.13	16	1584	0	0	0	0	0
1712	1709.26	15.03	15	1485	0	0	0	0	0
1713	1710.24	24.66	14	1386	0	0	0	0	0
1714	1711.21	20.55	14	1386	0	0	0	0	0
1715	1712.19	20.56	15	1485	0	0	0	0	0
1716	1713.17	35.55	16	1584	0	0	0	0	0
1717	1714.15	24.95	17	1683	0	0	0	0	0
1718	1715.13	26.95	17	1683	0	0	0	0	0
1719	1716.11	20.96	18	1782	0	0	0	0	0
1720	1717.09	20.96	19	1881	0	0	0	0	0
1721	1718.07	24.38	19	1881	0	0	0	0	0
1722	1719.05	21.59	17	1683	0	0	0	0	0
1723	1720.03	20.55	16	1584	0	0	0	0	0
1724	1721	21.79	16	1584	0	0	0	0	0
1725	1721.98	23.97	15	1485	0	0	0	0	0
1726	1722.96	15.76	13	1287	0	0	0	0	0
1727	1723.94	21.92	12	1188	0	0	0	0	0
1728	1724.92	20.76	13	1287	0	0	0	0	0
1729	1725.9	26.62	14	1386	0	0	0	0	0
1730	1726.88	6.75	15	1485	0	0	0	0	0
1731	1727.86	47.58	16	1584	0	0	0	0	0
1732	1728.84	29.45	17	1683	0	0	0	0	0
1733	1729.82	36.56	17	1683	0	0	0	0	0
1734	1730.8	32.24	17	1683	0	0	0	0	0
1735	1731.77	25.85	17	1683	0	0	0	0	0
1736	1732.75	18.81	18	1782	0	0	0	0	0
1737	1733.73	24.86	19	1881	0	0	0	0	0
1738	1734.71	24.53	18	1782	0	0	0	0	0
1739	1735.69	28.01	17	1683	0	0	0	0	0
1740	1736.67	54.23	18	1782	0	0	0	0	0
1741	1737.65	32.69	19	1881	0	0	0	0	0
1742	1738.63	35.6	19	1881	0	0	0	0	0
1743	1739.61	27.47	20	1980	0	0	0	0	0
1744	1740.59	28.92	21	2079	0	0	0	0	0
1745	1741.56	28.72	21	2079	0	0	0	0	0
1746	1742.54	37.3	22	2178	0	0	0	0	0
1747	1743.52	35.21	22	2178	0	0	0	0	0
1748	1744.5	31.39	23	2277	0	0	0	0	0
1749	1745.48	28.99	23	2277	0	0	0	0	0
1750	1746.46	30.63	23	2277	0	0	0	0	0
1751	1747.44	25.01	23	2277	0	0	0	0	0
1752	1748.42	32.79	24	2376	0	0	0	0	0
1753	1749.4	30.57	25	2475	0	0	0	0	0
1754	1750.38	27.91	25	2475	0	0	0	0	0
1755	1751.36	27.72	28	2772	0	0	0	0	0
1756	1752.33	30.27	32	3168	0	0	0	0	0
1757	1753.31	17.74	45	4455	0	0	0	0	0
1758	1754.29	30.94	129	12771	0	0	0	0	0
1759	1755.27	28.18	253	25047	0	0	0	0	0
1760	1756.25	33.36	273	27027	0	0	0	0	0
1761	1757.23	30.37	226	22374	0	0	0	0	0
1762	1758.21	22.42	164	16236	0	0	0	0	0
1763	1759.19	28.08	145	14355	0	0	0	0	0
1764	1760.17	20.13	168	16632	0	0	0	0	0
1765	1761.15	31.18	176	17424	0	0	0	0	0
1766	1762.12	33.64	170	16830	0	0	0	0	0
1767	1763.1	31.92	141	13959	0	0	0	0	0
1768	1764.08	26.76	97	9603	0	0	0	0	0
1769	1765.06	11.25	82	8118	0	0	0	0	0
1770	1766.04	26.65	67	6633	0	0	0	0	0
1771	1767.02	30.21	63	6237	0	0	0	0	0
1772	1768	22.93	57	5643	0	0	0	0	0
1773	1768.98	22.33	54	5346	0	0	0	0	0
1774	1769.96	18.91	51	5049	0	0	0	0	0
1775	1770.94	10.26	50	4950	0	0	0	0	0
1776	1771.92	14.66	49	4851	0	0	0	0	0
1777	1772.89	23.55	48	4752	0	0	0	0	0
1778	1773.87	53.36	42	4158	0	0	0	0	0
1779	1774.85	34.94	39	3861	0	0	0	0	0
1780	1775.83	45.3	37	3663	0	0	0	0	0
1781	1776.81	19.69	33	3267	0	0	0	0	0
1782	1777.79	21.35	29	2871	0	0	0	0	0
1783	1778.77	13.34	22	2178	0	0	0	0	0
1784	1779.75	19.15	17	1683	0	0	0	0	0
1785	1780.73	36.8	15	1485	0	0	0	0	0
1786	1781.71	49.8	14	1386	0	0	0	0	0
1787	1782.68	44.38	13	1287	0	0	0	0	0
1788	1783.66	33.75	12	1188	0	0	0	0	0
1789	1784.64	16.11	12	1188	0	0	0	0	0
1790	1785.62	22.12	13	1287	0	0	0	0	0
1791	1786.6	17.68	12	1188	0	0	0	0	0
1792	1787.58	22.75	11	1089	0	0	0	0	0
1793	1788.56	36.89	12	1188	0	0	0	0	0
1794	1789.54	36.59	12	1188	0	0	0	0	0
1795	1790.52	35.21	13	1287	0	0	0	0	0
1796	1791.5	24.08	11	1089	0	0	0	0	0
1797	1792.47	15.13	10	990	0	0	0	0	0
1798	1793.45	30.89	9	891	0	0	0	0	0
1799	1794.43	34.6	9	891	0	0	0	0	0
1800	1795.41	30.34	9	891	0	0	0	0	0
1801	1796.39	37.38	10	990	0	0	0	0	0
1802	1797.37	23.59	10	990	0	0	0	0	0
1803	1798.35	34.27	10	990	0	0	0	0	0
1804	1799.37	40.21	11	1089	0	0	0	0	0
1805	1800.74	25.37	13	1287	0	0	0	0	0
1806	1801.71	43.77	15	1485	0	0	0	0	0
1807	1802.68	28.13	17	1683	0	0	0	0	0
1808	1803.65	24.11	19	1881	0	0	0	0	0
1809	1804.62	24.46	18	1782	0	0	0	0	0
1810	1805.59	17.22	17	1683	0	0	0	0	0
1811	1806.56	15.66	15	1485	0	0	0	0	0
1812	1807.56	4.31	14	1386	0	0	0	0	0
1813	1808.56	6.89	13	1287	0	0	0	0	0
1814	1809.56	2.35	12	1188	0	0	0	0	0
1815	1810.56	17.62	11	1089	0	0	0	0	0
1816	1811.4	27.78	11	1089	0	0	0	0	0
1817	1812.36	21.29	10	990	0	0	0	0	0
1818	1813.34	59.47	10	990	0	0	0	0	0
1819	1814.24	24.51	11	1089	0	0	0	0	0
1820	1813.53	24.02	12	1188	0	0	0	0	0
1821	1814.34	39.88	17	1683	0	0	0	0	0
1822	1815.27	20.24	15	1485	0	0	0	0	0
1823	1816.2	22.29	14	1386	0	0	0	0	0
1824	1817.14	38.78	13	1287	0	0	0	0	0
1825	1818.07	28.86	12	1188	0	0	0	0	0
1826	1819	24.09	13	1287	0	0	0	0	0
1827	1819.93	26.42	12	1188	0	0	0	0	0
1828	1820.86	23.74	11	1089	0	0	0	0	0
1829	1821.79	34.2	10	990	0	0	0	0	0
1830	1822.72	31.04	10	990	0	0	0	0	0
1831	1823.65	24.74	12	1188	0	0	0	0	0
1832	1824.59	30.6	13	1287	0	0	0	0	0
1833	1825.52	24.71	15	1485	0	0	0	0	0
1834	1826.45	47.89	18	1782	0	0	0	0	0
1835	1827.38	43.44	19	1881	0	0	0	0	0
1836	1828.31	26.22	19	1881	0	0	0	0	0
1837	1829.24	26.9	18	1782	0	0	0	0	0
1838	1830.17	25.59	18	1782	0	0	0	0	0
1839	1831.1	21.1	17	1683	0	0	0	0	0
1840	1832.03	19.05	17	1683	0	0	0	0	0
1841	1832.88	19.15	16	1584	0	0	0	0	0
1842	1833.79	17.48	15	1485	0	0	0	0	0
1843	1834.7	14.96	14	1386	0	0	0	0	0
1844	1835.61	14.32	13	1287	0	0	0	0	0
1845	1836.51	16.9	14	1386	0	0	0	0	0
1846	1837.42	19	16	1584	0	0	0	0	0
1847	1838.33	26.22	20	1980	0	0	0	0	0
1848	1839.24	30.75	23	2277	0	0	0	0	0
1849	1840.14	25.43	24	2376	0	0	0	0	0
1850	1841.05	21.49	23	2277	0	0	0	0	0
1851	1841.96	18.83	21	2079	0	0	0	0	0
1852	1842.87	21.44	20	1980	0	0	0	0	0
1853	1843.78	28.75	20	1980	0	0	0	0	0
1854	1844.68	27.59	21	2079	0	0	0	0	0
1855	1845.59	26.18	20	1980	0	0	0	0	0
1856	1846.5	22.3	19	1881	0	0	0	0	0
1857	1847.41	22.03	19	1881	0	0	0	0	0
1858	1848.32	18.7	19	1881	0	0	0	0	0
1859	1849.22	24.55	18	1782	0	0	0	0	0
1860	1850.13	21.46	18	1782	0	0	0	0	0
1861	1851.1	17.22	17	1683	0	0	0	0	0
1862	1852.51	18.28	17	1683	0	0	0	0	0
1863	1853.45	23.9	18	1782	0	0	0	0	0
1864	1854.38	22.56	19	1881	0	0	0	0	0
1865	1855.31	22.29	18	1782	0	0	0	0	0
1866	1856.25	22.07	17	1683	0	0	0	0	0
1867	1857.18	17.92	16	1584	0	0	0	0	0
1868	1858.11	20.79	15	1485	0	0	0	0	0
1869	1859.04	19.62	14	1386	0	0	0	0	0
1870	1859.97	17.81	15	1485	0	0	0	0	0
1871	1860.9	17.86	15	1485	0	0	0	0	0
1872	1861.83	18.11	21	2079	0	0	0	0	0
1873	1862.76	26.62	51	5049	0	0	0	0	0
1874	1863.69	28.53	96	9408	0	0	0	0	0
1875	1864.63	25.42	210	20580	0	0	0	0	0
1876	1865.56	32.97	350	34300	0	0	0	0	0
1877	1866.49	28.71	391	38318	0	0	0	0	0
1878	1867.42	31.74	385	37730	0	0	0	0	0
1879	1868.35	24.09	380	37240	0	0	0	0	0
1880	1866.25	24.04	376	36848	0	0	0	0	0
1881	1867.1	19.07	340	33320	0	0	0	0	0
1882	1867.96	21.58	251	24598	0	0	0	0	0
1883	1868.82	14.34	144	14112	0	0	0	0	0
1884	1869.68	15.81	126	12348	0	0	0	0	0
1885	1870.54	22.22	113	11074	0	0	0	0	0
1886	1871.39	25.05	102	9996	0	0	0	0	0
1887	1872.25	18.69	84	8232	0	0	0	0	0
1888	1873.11	17.14	76	7448	0	0	0	0	0
1889	1873.97	21.1	72	7056	0	0	0	0	0
1890	1874.83	26.25	69	6762	0	0	0	0	0
1891	1875.68	15.33	74	7252	0	0	0	0	0
1892	1876.54	18.41	85	8330	0	0	0	0	0
1893	1877.4	21.15	126	12348	0	0	0	0	0
1894	1878.26	21.83	142	13916	0	0	0	0	0
1895	1879.12	19.89	137	13426	0	0	0	0	0
1896	1879.97	11.31	118	11564	0	0	0	0	0
1897	1880.83	10.91	87	8526	0	0	0	0	0
1898	1881.69	9.23	72	7056	0	0	0	0	0
1899	1882.55	7.63	66	6468	0	0	0	0	0
1900	1883.41	34.8	62	6076	0	0	0	0	0
1901	1884.26	35.64	58	5684	0	0	0	0	0
1902	1885.12	34.5	67	6566	0	0	0	0	0
1903	1885.98	36.13	78	7644	0	0	0	0	0
1904	1886.84	19.51	87	8526	0	0	0	0	0
1905	1887.7	28.63	112	10976	0	0	0	0	0
1906	1888.55	22.74	146	14308	0	0	0	0	0
1907	1889.41	23.17	145	14210	0	0	0	0	0
1908	1890.27	18.58	126	12348	0	0	0	0	0
1909	1891.13	20.78	98	9604	0	0	0	0	0
1910	1891.99	17.1	95	9310	0	0	0	0	0
1911	1892.84	21.36	92	9016	0	0	0	0	0
1912	1893.7	18.57	88	8624	0	0	0	0	0
1913	1894.56	16.05	72	7056	0	0	0	0	0
1914	1895.42	14.2	63	6237	0	0	0	0	0
1915	1896.28	13.45	52	5148	0	0	0	0	0
1916	1897.13	18.19	41	4059	0	0	0	0	0
1917	1897.99	7.31	34	3366	0	0	0	0	0
1918	1898.85	13.31	32	3168	0	0	0	0	0
1919	1899.71	13.54	31	3069	0	0	0	0	0
1920	1900.57	15.19	31	3069	0	0	0	0	0
1921	1901.42	16.82	33	3267	0	0	0	0	0
1922	1902.28	17.29	36	3564	0	0	0	0	0
1923	1903.14	13.03	38	3762	0	0	0	0	0
1924	1904	16.67	41	4059	0	0	0	0	0
1925	1904.86	16.45	42	4158	0	0	0	0	0
1926	1905.71	11.19	40	3960	0	0	0	0	0
1927	1906.57	18.14	40	3960	0	0	0	0	0
1928	1907.43	21.49	38	3762	0	0	0	0	0
1929	1908.29	20.45	37	3663	0	0	0	0	0
1930	1909.15	16.38	35	3465	0	0	0	0	0
1931	1910	18.36	32	3168	0	0	0	0	0
1932	1910.86	21.08	30	2970	0	0	0	0	0
1933	1911.72	14.93	29	2871	0	0	0	0	0
1934	1912.58	14.97	29	2871	0	0	0	0	0
1935	1913.43	13.4	28	2772	0	0	0	0	0
1936	1914.29	16.61	26	2574	0	0	0	0	0
1937	1915.15	21.06	25	2475	0	0	0	0	0
1938	1916.01	18.71	25	2475	0	0	0	0	0
1939	1916.87	18.81	24	2376	0	0	0	0	0
1940	1917.72	26.26	25	2475	0	0	0	0	0
1941	1918.58	19.82	25	2475	0	0	0	0	0
1942	1919.44	24.46	24	2376	0	0	0	0	0
1943	1920.3	23.38	23	2277	0	0	0	0	0
1944	1921.16	26.31	21	2079	0	0	0	0	0
1945	1922.01	23.77	21	2079	0	0	0	0	0
1946	1922.87	19.35	20	1980	0	0	0	0	0
1947	1923.73	26.42	20	1980	0	0	0	0	0
1948	1924.59	27.14	19	1881	0	0	0	0	0
1949	1925.45	22.88	19	1881	0	0	0	0	0
1950	1926.3	22.22	18	1782	0	0	0	0	0
1951	1927.16	22.58	18	1782	0	0	0	0	0
1952	1928.02	19.72	17	1683	0	0	0	0	0
1953	1928.88	22.3	17	1683	0	0	0	0	0
1954	1929.74	20.3	16	1584	0	0	0	0	0
1955	1930.59	20.38	16	1584	0	0	0	0	0
1956	1931.45	29.27	15	1485	0	0	0	0	0
1957	1932.31	44.78	15	1485	0	0	0	0	0
1958	1933.17	31.9	15	1485	0	0	0	0	0
1959	1934.03	23.24	14	1386	0	0	0	0	0
1960	1934.88	23.21	14	1386	0	0	0	0	0
1961	1935.74	21.8	13	1287	0	0	0	0	0
1962	1936.6	22.4	13	1287	0	0	0	0	0
1963	1937.46	28.96	13	1287	0	0	0	0	0
1964	1938.32	36.15	14	1386	0	0	0	0	0
1965	1939.17	28.47	14	1386	0	0	0	0	0
1966	1940.03	27.97	14	1386	0	0	0	0	0
1967	1940.89	33.3	13	1287	0	0	0	0	0
1968	1941.75	56.07	13	1287	0	0	0	0	0
1969	1942.61	39.32	13	1287	0	0	0	0	0
1970	1943.46	37.76	13	1287	0	0	0	0	0
1971	1944.32	36.07	14	1386	0	0	0	0	0
1972	1945.18	32.8	15	1485	0	0	0	0	0
1973	1946.04	27.02	14	1386	0	0	0	0	0
1974	1946.9	24.3	13	1287	0	0	0	0	0
1975	1947.75	28.75	13	1287	0	0	0	0	0
1976	1948.98	30.27	12	1188	0	0	0	0	0
1977	1953.2	40.97	12	1188	0	0	0	0	0
1978	1954.09	38.77	13	1287	0	0	0	0	0
1979	1954.97	33.35	12	1188	0	0	0	0	0
1980	1955.86	30.86	12	1188	0	0	0	0	0
1981	1956.74	27.55	11	1089	0	0	0	0	0
1982	1957.63	23.37	11	1089	0	0	0	0	0
1983	1958.52	23.19	12	1188	0	0	0	0	0
1984	1959.4	25.01	13	1287	0	0	0	0	0
1985	1960.28	27.19	14	1386	0	0	0	0	0
1986	1961.17	28.66	15	1485	0	0	0	0	0
1987	1962.06	15.04	15	1485	0	0	0	0	0
1988	1962.06	32.96	16	1584	0	0	0	0	0
1989	1962.94	26.46	16	1584	0	0	0	0	0
1990	1962.94	25.36	15	1485	0	0	0	0	0
1991	1963.83	23.78	15	1485	0	0	0	0	0
1992	1963.83	26.75	14	1386	0	0	0	0	0
1993	1963.83	20.36	14	1386	0	0	0	0	0
1994	1963.6	7.51	7	693	0	0	0	0	0
1995	1964.44	8.51	7	693	0	0	0	0	0
1996	1965.27	16.13	8	792	0	0	0	0	0
1997	1966.11	23.5	9	891	0	0	0	0	0
1998	1966.94	32.03	11	1089	0	0	0	0	0
1999	1967.77	29.48	13	1287	0	0	0	0	0
2000	1968.61	26.02	14	1386	0	0	0	0	0
2001	1969.44	25.44	13	1287	0	0	0	0	0
2002	1970.28	27.11	12	1188	0	0	0	0	0
2003	1971.11	24.97	11	1089	0	0	0	0	0
2004	1971.95	10.05	10	990	0	0	0	0	0
2005	1972.78	18.15	10	990	0	0	0	0	0
2006	1973.61	12.87	9	891	0	0	0	0	0
2007	1974.45	9.31	9	891	0	0	0	0	0
2008	1975.28	9.49	10	990	0	0	0	0	0
2009	1976.12	9.45	9	891	0	0	0	0	0
2010	1976.95	13	9	891	0	0	0	0	0
2011	1977.79	11.59	9	891	0	0	0	0	0
2012	1978.62	11.55	8	792	0	0	0	0	0
2013	1979.46	19.14	8	792	0	0	0	0	0
2014	1980.29	18.6	8	792	0	0	0	0	0
2015	1981.12	20.94	9	891	0	0	0	0	0
2016	1981.96	19.55	9	891	0	0	0	0	0
2017	1982.79	16.84	9	891	0	0	0	0	0
2018	1983.63	35.75	8	792	0	0	0	0	0
2019	1984.46	55.51	8	792	0	0	0	0	0
2020	1985.3	25.72	9	891	0	0	0	0	0
2021	1986.13	22.63	9	891	0	0	0	0	0
2022	1986.96	18.39	9	891	0	0	0	0	0
2023	1987.8	16.39	9	891	0	0	0	0	0
2024	1988.63	16.48	10	990	0	0	0	0	0
2025	1989.47	15.22	10	990	0	0	0	0	0
2026	1990.3	13.01	11	1089	0	0	0	0	0
2027	1991.14	18.16	11	1089	0	0	0	0	0
2028	1991.97	16.52	10	990	0	0	0	0	0
2029	1992.81	22.85	9	891	0	0	0	0	0
2030	1993.64	24.63	8	792	0	0	0	0	0
2031	1994.47	15.24	8	792	0	0	0	0	0
2032	1995.97	12.25	7	693	0	0	0	0	0
2033	2002.79	20.31	8	792	0	0	0	0	0
2034	2003.67	12.28	7	693	0	0	0	0	0
2035	2004.56	12.87	7	693	0	0	0	0	0
2036	2005.45	16.51	7	693	0	0	0	0	0
2037	2006.33	23.13	7	693	0	0	0	0	0
2038	2007.22	15.17	8	792	0	0	0	0	0
2039	2008.1	9.65	8	792	0	0	0	0	0
2040	2008.99	11.98	8	792	0	0	0	0	0
2041	2009.87	13.23	7	693	0	0	0	0	0
2042	2010.76	38.49	7	693	0	0	0	0	0
2043	2011.64	21.54	8	792	0	0	0	0	0
2044	2012.53	24.04	8	792	0	0	0	0	0
2045	2013.41	30.01	8	792	0	0	0	0	0
2046	2014.3	27.79	8	792	0	0	0	0	0
2047	2015.21	27.58	9	891	0	0	0	0	0
2048	2016.07	23.27	9	891	0	0	0	0	0
2049	2016.96	21.42	9	891	0	0	0	0	0
2050	2017.84	25.9	10	990	0	0	0	0	0
2051	2018.73	22.6	10	990	0	0	0	0	0
2052	2019.61	11.31	11	1089	0	0	0	0	0
2053	2020.5	18.39	12	1188	0	0	0	0	0
2054	2021.38	17.2	12	1188	0	0	0	0	0
2055	2022.27	12.83	11	1089	0	0	0	0	0
2056	2023.15	13.05	11	1089	0	0	0	0	0
2057	2024.04	16.2	12	1188	0	0	0	0	0
2058	2024.93	12.61	12	1188	0	0	0	0	0
2059	2025.81	12.95	13	1287	0	0	0	0	0
2060	2026.7	14.51	12	1188	0	0	0	0	0
2061	2027.58	13.06	11	1089	0	0	0	0	0
2062	2028.47	10.21	12	1188	0	0	0	0	0
2063	2029.35	12.01	13	1287	0	0	0	0	0
2064	2030.23	12.28	14	1386	0	0	0	0	0
2065	2031.12	22.47	15	1485	0	0	0	0	0
2066	2032.01	25.34	16	1584	0	0	0	0	0
2067	2032.89	24.38	16	1584	0	0	0	0	0
2068	2033.78	21.96	15	1485	0	0	0	0	0
2069	2034.64	35.64	14	1386	0	0	0	0	0
2070	2035.55	45.21	13	1287	0	0	0	0	0
2071	2036.44	41.3	12	1188	0	0	0	0	0
2072	2037.32	31.72	13	1287	0	0	0	0	0
2073	2030.56	21.3	14	1386	0	0	0	0	0
2074	2030.55	25.5	15	1485	0	0	0	0	0
2075	2031.39	32.43	17	1683	0	0	0	0	0
2076	2032.22	25.04	17	1683	0	0	0	0	0
2077	2033.06	19.56	16	1584	0	0	0	0	0
2078	2033.89	23.16	17	1683	0	0	0	0	0
2079	2034.73	21.57	16	1584	0	0	0	0	0
2080	2035.56	20.37	16	1584	0	0	0	0	0
2081	2036.4	12.02	15	1485	0	0	0	0	0
2082	2037.24	13.6	15	1485	0	0	0	0	0
2083	2038.07	18.34	15	1485	0	0	0	0	0
2084	2038.91	19.38	14	1386	0	0	0	0	0
2085	2039.74	17.78	13	1287	0	0	0	0	0
2086	2040.58	16.75	13	1287	0	0	0	0	0
2087	2041.41	16.58	13	1287	0	0	0	0	0
2088	2042.25	12.32	12	1188	0	0	0	0	0
2089	2043.08	11.89	12	1188	0	0	0	0	0
2090	2043.92	11.13	12	1188	0	0	0	0	0
2091	2044.76	13.59	11	1089	0	0	0	0	0
2092	2045.45	13.53	11	1089	0	0	0	0	0
2093	2046.43	13.39	11	1089	0	0	0	0	0
2094	2047.26	14.75	10	990	0	0	0	0	0
2095	2048.1	16.85	10	990	0	0	0	0	0
2096	2048.93	14.9	10	990	0	0	0	0	0
2097	2049.77	15.76	10	990	0	0	0	0	0
2098	2050.6	15.19	11	1089	0	0	0	0	0
2099	2051.44	12.17	11	1089	0	0	0	0	0
2100	2052.27	20.02	11	1089	0	0	0	0	0
2101	2053.11	17.09	12	1188	0	0	0	0	0
2102	2053.95	26.78	13	1287	0	0	0	0	0
2103	2054.78	22.67	13	1287	0	0	0	0	0
2104	2055.62	21.44	12	1188	0	0	0	0	0
2105	2056.45	17.25	11	1089	0	0	0	0	0
2106	2057.29	16.45	10	990	0	0	0	0	0
2107	2058.12	16.17	9	891	0	0	0	0	0
2108	2058.96	18.11	10	990	0	0	0	0	0
2109	2059.79	17.49	11	1089	0	0	0	0	0
2110	2060.63	20.19	12	1188	0	0	0	0	0
2111	2061.47	17.52	12	1188	0	0	0	0	0
2112	2062.3	17.79	12	1188	0	0	0	0	0
2113	2063.13	16.42	11	1089	0	0	0	0	0
2114	2063.97	17.13	11	1089	0	0	0	0	0
2115	2064.81	17.66	10	990	0	0	0	0	0
2116	2065.64	15.42	11	1089	0	0	0	0	0
2117	2066.48	16.58	12	1188	0	0	0	0	0
2118	2067.31	13.3	14	1386	0	0	0	0	0
2119	2068.15	30.36	18	1782	0	0	0	0	0
2120	2068.99	31.28	19	1881	0	0	0	0	0
2121	2069.82	28.7	18	1782	0	0	0	0	0
2122	2070.66	19.66	17	1683	0	0	0	0	0
2123	2071.49	19.23	16	1584	0	0	0	0	0
2124	2072.33	20.04	17	1683	0	0	0	0	0
2125	2073.16	26.52	17	1683	0	0	0	0	0
2126	2074	28.91	18	1782	0	0	0	0	0
2127	2074.83	36.31	26	2574	0	0	0	0	0
2128	2075.67	32.33	29	2871	0	0	0	0	0
2129	2076.5	42.6	31	3069	0	0	0	0	0
2130	2077.34	34.03	31	3069	0	0	0	0	0
2131	2078.18	22.52	30	2970	0	0	0	0	0
2132	2079.01	29.54	29	2871	0	0	0	0	0
2133	1871.87	20.71	28	2772	0	0	0	0	0
2134	2080.68	26.19	27	2673	0	0	0	0	0
2135	2081.52	26.69	27	2673	0	0	0	0	0
2136	2082.35	28.33	26	2574	0	0	0	0	0
2137	2083.19	20.5	26	2574	0	0	0	0	0
2138	2084.02	22.43	25	2475	0	0	0	0	0
2139	2084.86	18.32	24	2376	0	0	0	0	0
2140	2085.7	21.06	24	2376	0	0	0	0	0
2141	2086.32	21.06	23	2277	0	0	0	0	0
2142	2087.15	26.09	23	2277	0	0	0	0	0
2143	2087.99	21.69	24	2376	0	0	0	0	0
2144	2088.82	24.16	24	2376	0	0	0	0	0
2145	2089.65	27.44	25	2475	0	0	0	0	0
2146	2090.49	24.89	25	2475	0	0	0	0	0
2147	2091.32	25.83	26	2574	0	0	0	0	0
2148	2092.16	29.3	28	2772	0	0	0	0	0
2149	2092.99	24.61	30	2970	0	0	0	0	0
2150	2093.82	37.04	31	3069	0	0	0	0	0
2151	2094.65	39.38	31	3069	0	0	0	0	0
2152	2095.49	30.8	30	2970	0	0	0	0	0
2153	2096.32	29.47	29	2871	0	0	0	0	0
2154	2097.15	32.82	28	2772	0	0	0	0	0
2155	2097.99	41.95	28	2772	0	0	0	0	0
2156	2098.82	47.35	27	2673	0	0	0	0	0
2157	2099.65	56.14	28	2772	0	0	0	0	0
2158	2100.49	36.03	28	2772	0	0	0	0	0
2159	2101.32	31.02	27	2673	0	0	0	0	0
2160	2102.15	29.13	26	2574	0	0	0	0	0
2161	2102.99	25.83	23	2277	0	0	0	0	0
2162	2103.82	25.84	21	2079	0	0	0	0	0
2163	2104.65	26.92	19	1881	0	0	0	0	0
2164	2105.49	17.29	19	1881	0	0	0	0	0
2165	2106.32	26.35	20	1980	0	0	0	0	0
2166	2107.15	26.34	19	1881	0	0	0	0	0
2167	2107.99	26.6	19	1881	0	0	0	0	0
2168	2108.82	28.59	20	1980	0	0	0	0	0
2169	2109.65	30.36	21	2079	0	0	0	0	0
2170	2110.49	31.38	25	2475	0	0	0	0	0
2171	2111.32	32.01	27	2673	0	0	0	0	0
2172	2112.15	33.79	25	2475	0	0	0	0	0
2173	2112.99	27.66	24	2376	0	0	0	0	0
2174	2113.82	21.41	24	2376	0	0	0	0	0
2175	2114.65	25.72	26	2574	0	0	0	0	0
2176	2115.49	23.78	29	2871	0	0	0	0	0
2177	2116.32	22.6	35	3465	0	0	0	0	0
2178	2117.15	22.84	48	4752	0	0	0	0	0
2179	2117.99	28.11	47	4653	0	0	0	0	0
2180	2118.82	18.21	43	4257	0	0	0	0	0
2181	2119.65	16.53	34	3366	0	0	0	0	0
2182	2120.49	13.66	28	2772	0	0	0	0	0
2183	2121.32	11.42	22	2178	0	0	0	0	0
2184	2122.15	13.04	25	2475	0	0	0	0	0
2185	2122.99	52.54	28	2772	0	0	0	0	0
2186	2123.82	31.89	38	3762	0	0	0	0	0
2187	2124.65	21.2	57	5643	0	0	0	0	0
2188	2125.49	45.13	78	7722	0	0	0	0	0
2189	2126.32	37.31	84	8316	0	0	0	0	0
2190	2127.15	23.41	95	9405	0	0	0	0	0
2191	2127.99	23.17	74	7326	0	0	0	0	0
2192	2128.82	20.89	63	6237	0	0	0	0	0
2193	2129.65	28.37	54	5346	0	0	0	0	0
2194	2130.49	24.8	41	4059	0	0	0	0	0
2195	2131.32	21.66	38	3762	0	0	0	0	0
2196	2132.15	21.89	31	3069	0	0	0	0	0
2197	2132.99	26.94	26	2574	0	0	0	0	0
2198	2133.82	22.31	23	2277	0	0	0	0	0
2199	2134.66	23.01	21	2079	0	0	0	0	0
2200	2135.49	22.94	20	1980	0	0	0	0	0
2201	2136.32	25.78	19	1881	0	0	0	0	0
2202	2137.16	26.65	19	1881	0	0	0	0	0
2203	2137.99	25.68	20	1980	0	0	0	0	0
2204	2138.82	24.18	20	1980	0	0	0	0	0
2205	2139.65	24.4	19	1881	0	0	0	0	0
2206	2140.49	26.17	18	1782	0	0	0	0	0
2207	2141.32	25.56	20	1980	0	0	0	0	0
2208	2142.15	27.02	18	1782	0	0	0	0	0
2209	2142.99	26.08	19	1881	0	0	0	0	0
2210	2143.82	24.54	21	2079	0	0	0	0	0
2211	2144.65	20.85	22	2178	0	0	0	0	0
2212	2145.48	9.57	23	2277	0	0	0	0	0
2213	2146.32	54.53	25	2475	0	0	0	0	0
2214	2147.15	33.11	26	2574	0	0	0	0	0
2215	2147.98	24.8	29	2871	0	0	0	0	0
2216	2148.82	21.26	30	2970	0	0	0	0	0
2217	2149.65	24.53	26	2574	0	0	0	0	0
2218	2150.48	23.44	25	2475	0	0	0	0	0
2219	2151.31	9.96	26	2574	0	0	0	0	0
2220	2152.15	17.37	27	2673	0	0	0	0	0
2221	2152.98	24.98	25	2475	0	0	0	0	0
2222	2153.81	31.37	21	2079	0	0	0	0	0
2223	2154.65	36.8	19	1881	0	0	0	0	0
2224	2155.48	11.54	17	1683	0	0	0	0	0
2225	2156.31	10.85	16	1584	0	0	0	0	0
2226	2157.14	6.19	15	1485	0	0	0	0	0
2227	2157.98	7.65	16	1584	0	0	0	0	0
2228	2158.81	24.73	15	1485	0	0	0	0	0
2229	2159.64	24.1	14	1386	0	0	0	0	0
2230	2160.48	20.56	15	1485	0	0	0	0	0
2231	2161.31	19.81	14	1386	0	0	0	0	0
2232	2162.14	19	13	1287	0	0	0	0	0
2233	2162.98	15.43	13	1287	0	0	0	0	0
2234	2163.81	8.07	12	1188	0	0	0	0	0
2235	2164.64	16.13	11	1089	0	0	0	0	0
2236	2165.47	22.29	12	1188	0	0	0	0	0
2237	2166.31	6.7	13	1287	0	0	0	0	0
2238	2167.14	6.52	11	1089	0	0	0	0	0
2239	2167.97	6.64	12	1188	0	0	0	0	0
2240	2168.81	22.52	11	1089	0	0	0	0	0
2241	2169.64	32.69	12	1188	0	0	0	0	0
2242	2170.47	25.92	18	1782	0	0	0	0	0
2243	2171.31	41.47	25	2475	0	0	0	0	0
2244	2172.14	51.75	27	2673	0	0	0	0	0
2245	2172.97	48.49	31	3069	0	0	0	0	0
2246	2173.81	50.66	34	3366	0	0	0	0	0
2247	2174.64	59.06	37	3663	0	0	0	0	0
2248	2175.47	64.66	35	3465	0	0	0	0	0
2249	2176.3	7.98	36	3564	0	0	0	0	0
2250	2177.14	13.68	39	3861	0	0	0	0	0
2251	2177.97	49.39	43	4257	0	0	0	0	0
2252	2178.8	51.7	42	4158	0	0	0	0	0
2253	2179.64	45.59	40	3960	0	0	0	0	0
2254	2180.47	51.15	36	3564	0	0	0	0	0
2255	2181.3	34.55	31	3069	0	0	0	0	0
2256	2182.14	40.4	29	2871	0	0	0	0	0
2257	2182.97	44.34	30	2970	0	0	0	0	0
2258	2183.8	34.69	33	3267	0	0	0	0	0
2259	2184.64	48.2	36	3564	0	0	0	0	0
2260	2186.52	36.64	31	3069	0	0	0	0	0
2261	2186.3	50.25	30	2970	0	0	0	0	0
2262	2187.14	51.7	29	2871	0	0	0	0	0
2263	2187.97	52.15	29	2871	0	0	0	0	0
2264	2188.81	53.72	31	3069	0	0	0	0	0
2265	2189.64	46.25	32	3168	0	0	0	0	0
2266	2190.48	49.9	34	3366	0	0	0	0	0
2267	2191.31	46.84	33	3267	0	0	0	0	0
2268	2192.15	33.59	33	3267	0	0	0	0	0
2269	2192.98	42.78	33	3267	0	0	0	0	0
2270	2193.81	50.23	30	2970	0	0	0	0	0
2271	2194.65	48.18	31	3069	0	0	0	0	0
2272	2195.48	46.04	34	3366	0	0	0	0	0
2273	2196.32	49.53	32	3168	0	0	0	0	0
2274	2197.15	42.12	31	3069	0	0	0	0	0
2275	2197.99	41.9	31	3069	0	0	0	0	0
2276	2198.82	57.19	30	2970	0	0	0	0	0
2277	2199.66	32.42	32	3168	0	0	0	0	0
2278	2200.49	26.39	35	3465	0	0	0	0	0
2279	2201.33	29.66	38	3762	0	0	0	0	0
2280	2202.16	36.42	45	4455	0	0	0	0	0
2281	2202.99	24.25	50	4950	0	0	0	0	0
2282	2203.83	30.37	51	5049	0	0	0	0	0
2283	2204.66	36.52	50	4950	0	0	0	0	0
2284	2205.5	31.01	49	4851	0	0	0	0	0
2285	2206.33	32.28	46	4554	0	0	0	0	0
2286	2207.17	46.49	42	4158	0	0	0	0	0
2287	2208	34.64	38	3762	0	0	0	0	0
2288	2208.84	42.29	34	3366	0	0	0	0	0
2289	2209.67	68.2	32	3168	0	0	0	0	0
2290	2210.51	69.1	30	2970	0	0	0	0	0
2291	2211.34	52.3	32	3168	0	0	0	0	0
2292	2212.17	39.62	33	3267	0	0	0	0	0
2293	2213.01	32.53	32	3168	0	0	0	0	0
2294	2213.84	32.64	35	3465	0	0	0	0	0
2295	2214.68	23.37	38	3762	0	0	0	0	0
2296	2215.51	21.43	46	4554	0	0	0	0	0
2297	2216.35	29.26	47	4653	0	0	0	0	0
2298	2217.18	23.32	43	4257	0	0	0	0	0
2299	2218.02	46.64	41	4059	0	0	0	0	0
2300	2218.85	30.17	40	3960	0	0	0	0	0
2301	2219.69	43.85	39	3861	0	0	0	0	0
2302	2220.52	28.58	35	3465	0	0	0	0	0
2303	2221.35	8.74	32	3168	0	0	0	0	0
2304	2222.19	41.61	31	3069	0	0	0	0	0
2305	2223.02	51.23	32	3168	0	0	0	0	0
2306	2223.86	29.91	34	3366	0	0	0	0	0
2307	2224.69	35.54	37	3663	0	0	0	0	0
2308	2225.53	29.96	42	4158	0	0	0	0	0
2309	2226.36	15.81	61	5978	0	0	0	0	0
2310	2227.2	23.35	78	7644	0	0	0	0	0
2311	2228.03	22.24	87	8526	0	0	0	0	0
2312	2228.87	22.93	98	9604	0	0	0	0	0
2313	2229.7	25.19	124	12152	0	0	0	0	0
2314	2230.53	25.74	166	16268	0	0	0	0	0
2315	2231.37	23.02	211	20678	0	0	0	0	0
2316	2232.21	18.72	273	26754	0	0	0	0	0
2317	2233.09	18.52	275	26950	0	0	0	0	0
2318	2233.93	24.48	277	27146	0	0	0	0	0
2319	2234.76	36.76	265	25970	0	0	0	0	0
2320	2235.6	30.42	231	22638	0	0	0	0	0
2321	2236.44	32.63	210	20580	0	0	0	0	0
2322	2237.27	26.25	175	17150	0	0	0	0	0
2323	2238.11	37.68	171	16758	0	0	0	0	0
2324	2238.95	35.11	162	15876	0	0	0	0	0
2325	2239.78	27.97	135	13230	0	0	0	0	0
2326	2240.62	34.98	126	12348	0	0	0	0	0
2327	2241.46	45.53	116	11368	0	0	0	0	0
2328	2242.29	55.29	110	10780	0	0	0	0	0
2329	2243.13	23.06	106	10388	0	0	0	0	0
2330	2243.97	26.98	112	10976	0	0	0	0	0
2331	2244.8	23.95	115	11270	0	0	0	0	0
2332	2245.64	22.97	113	11074	0	0	0	0	0
2333	2246.48	22.7	111	10878	0	0	0	0	0
2334	2247.31	23.03	109	10682	0	0	0	0	0
2335	2248.15	15.13	108	10584	0	0	0	0	0
2336	2248.99	19.37	107	10486	0	0	0	0	0
2337	2249.82	31.73	101	9898	0	0	0	0	0
2338	2250.66	22.62	99	9702	0	0	0	0	0
2339	2251.5	16.69	95	9310	0	0	0	0	0
2340	2252.33	13.36	90	8820	0	0	0	0	0
2341	2253.17	7.72	84	8232	0	0	0	0	0
2342	2254.01	25.83	80	7840	0	0	0	0	0
2343	2254.84	16.93	78	7644	0	0	0	0	0
2344	2255.68	15.2	85	8330	0	0	0	0	0
2345	2256.52	13.6	96	9408	0	0	0	0	0
2346	2257.35	20.11	107	10486	0	0	0	0	0
2347	2258.19	20.33	122	11956	0	0	0	0	0
2348	2259.02	17.88	120	11760	0	0	0	0	0
2349	2259.86	16.12	112	10976	0	0	0	0	0
2350	2260.7	24.13	105	10290	0	0	0	0	0
2351	2261.53	26.91	84	8232	0	0	0	0	0
2352	2262.37	30.71	71	6958	0	0	0	0	0
2353	2263.21	18.47	62	6138	0	0	0	0	0
2354	2264.04	18.39	53	5247	0	0	0	0	0
2355	2264.88	29.48	47	4653	0	0	0	0	0
2356	2265.72	38.13	36	3564	0	0	0	0	0
2357	2266.55	44.23	32	3168	0	0	0	0	0
2358	2267.39	46.1	30	2970	0	0	0	0	0
2359	2268.23	51.44	29	2871	0	0	0	0	0
2360	2269.06	38.44	36	3564	0	0	0	0	0
2361	2269.9	27.45	42	4158	0	0	0	0	0
2362	2270.74	28.53	58	5742	0	0	0	0	0
2363	2271.57	29.03	64	6336	0	0	0	0	0
2364	2272.41	28.61	71	7029	0	0	0	0	0
2365	2273.25	27.73	69	6831	0	0	0	0	0
2366	2274.08	27.42	61	6039	0	0	0	0	0
2367	2274.92	28.58	58	5742	0	0	0	0	0
2368	2275.76	23.28	55	5445	0	0	0	0	0
2369	2276.59	25.66	49	4851	0	0	0	0	0
2370	2277.43	30.92	44	4356	0	0	0	0	0
2371	2278.27	31.03	43	4257	0	0	0	0	0
2372	2279.1	28.13	41	4059	0	0	0	0	0
2373	2279.94	34.06	40	3960	0	0	0	0	0
2374	2280.78	24.72	38	3762	0	0	0	0	0
2375	2281.61	28.7	34	3366	0	0	0	0	0
2376	2282.45	27.71	29	2871	0	0	0	0	0
2377	2283.29	27.99	27	2673	0	0	0	0	0
2378	2284.12	22.48	25	2475	0	0	0	0	0
2379	2284.96	55.98	24	2376	0	0	0	0	0
2380	2285.8	40.84	25	2475	0	0	0	0	0
2381	2286.63	37.78	26	2574	0	0	0	0	0
2382	2287.47	45.87	27	2673	0	0	0	0	0
2383	2288.31	42.54	27	2673	0	0	0	0	0
2384	2289.14	24.83	29	2871	0	0	0	0	0
2385	2289.98	22.72	33	3267	0	0	0	0	0
2386	2290.82	33.11	39	3861	0	0	0	0	0
2387	2291.65	30.54	44	4356	0	0	0	0	0
2388	2292.49	33.41	45	4455	0	0	0	0	0
2389	2293.33	33.56	44	4356	0	0	0	0	0
2390	2294.16	24.74	43	4257	0	0	0	0	0
2391	2295	21.69	42	4158	0	0	0	0	0
2392	2295.84	35.16	40	3960	0	0	0	0	0
2393	2296.67	41.69	36	3564	0	0	0	0	0
2394	2297.51	21.12	35	3465	0	0	0	0	0
2395	2298.35	17.42	32	3168	0	0	0	0	0
2396	2299.18	24.88	31	3069	0	0	0	0	0
2397	2300.02	15.81	30	2970	0	0	0	0	0
2398	2300.85	24.98	26	2574	0	0	0	0	0
2399	2301.69	22.51	25	2475	0	0	0	0	0
2400	2302.53	22.28	25	2475	0	0	0	0	0
2401	2303.36	29.23	26	2574	0	0	0	0	0
2402	2304.2	25.96	26	2574	0	0	0	0	0
2403	2305.04	23.04	27	2673	0	0	0	0	0
2404	2305.87	23.34	27	2673	0	0	0	0	0
2405	2306.71	21.9	27	2673	0	0	0	0	0
2406	2307.55	20.8	28	2772	0	0	0	0	0
2407	2308.38	26.54	28	2772	0	0	0	0	0
2408	2309.22	19.84	27	2673	0	0	0	0	0
2409	2310.06	26.12	27	2673	0	0	0	0	0
2410	2310.89	21.46	28	2772	0	0	0	0	0
2411	2311.73	38.94	26	2574	0	0	0	0	0
2412	2312.57	35.56	25	2475	0	0	0	0	0
2413	2313.4	26.59	24	2376	0	0	0	0	0
2414	2314.24	23.28	25	2475	0	0	0	0	0
2415	2315.08	33.18	26	2574	0	0	0	0	0
2416	2315.91	40.49	27	2673	0	0	0	0	0
2417	2316.75	34.15	28	2772	0	0	0	0	0
2418	2317.59	27.62	29	2871	0	0	0	0	0
2419	2318.42	22.74	26	2574	0	0	0	0	0
2420	2319.26	17.71	27	2673	0	0	0	0	0
2421	2320.1	20.71	30	2970	0	0	0	0	0
2422	2320.93	17.93	31	3069	0	0	0	0	0
2423	2321.77	23.2	38	3762	0	0	0	0	0
2424	2322.61	19.09	45	4455	0	0	0	0	0
2425	2323.44	17.52	69	6762	0	0	0	0	0
2426	2324.28	22.83	123	12054	0	0	0	0	0
2427	2325.12	18.96	156	15288	0	0	0	0	0
2428	2325.95	27.08	167	16366	0	0	0	0	0
2429	2326.79	31.32	191	18718	0	0	0	0	0
2430	2327.63	31.7	197	19306	0	0	0	0	0
2431	2328.46	31	201	19698	0	0	0	0	0
2432	2329.3	31.16	198	19404	0	0	0	0	0
2433	2330.14	31.24	172	16856	0	0	0	0	0
2434	2330.97	26.62	129	12642	0	0	0	0	0
2435	2331.81	30.23	98	9604	0	0	0	0	0
2436	2332.65	33.19	104	10192	0	0	0	0	0
2437	2333.48	23.78	132	12936	0	0	0	0	0
2438	2334.32	19.31	176	17248	0	0	0	0	0
2439	2335.16	19.69	230	22310	230	0	0	0	0
2440	2335.99	20.87	760	73720	760	0	0	0	0
2441	2336.83	20.87	1540	149380	1540	0	0	0	0
2442	2337.67	14.26	950	92150	950	0	0	0	0
2443	2338.5	38.8	870	84390	870	0	0	0	0
2444	2339.34	61.92	560	54320	560	0	0	0	0
2445	2340.18	42.39	480	46560	480	0	0	0	0
2446	2341.01	26.13	620	60140	620	0	0	0	0
2447	2341.85	21.55	1350	130950	1350	0	0	0	0
2448	2342.69	21.16	2320	225040	2320	0	0	0	0
2449	2343.52	19.62	2510	243470	2510	0	0	0	0
2450	2344.36	25.38	2860	277420	2860	0	0	0	0
2451	2345.19	29.42	3333	323301	3333	0	0	0	0
2452	2346.03	24.12	5060	490820	5060	0	0	0	0
2453	2346.87	23.19	5035	488395	5035	0	0	0	0
2454	2347.7	29.22	4860	471420	4860	0	0	0	0
2455	2348.54	23.78	4940	479180	4940	0	0	0	0
2456	2349.38	25.1	4995	484515	4995	0	0	0	0
2457	2350.21	30.61	5057	490529	5057	0	0	0	0
2458	2351.05	29.7	5050	489850	5050	0	0	0	0
2459	2351.89	29.46	4800	465600	4800	0	0	0	0
2460	2352.72	28.2	4900	475300	4900	0	0	0	0
2461	2353.56	24.1	5120	496640	5120	0	0	0	0
2462	2354.4	33.73	5270	511190	5270	0	0	0	0
2463	2355.23	34.92	5107	495379	5107	0	0	0	0
2464	2356.07	32.76	4225	409825	4225	0	0	0	0
2465	2356.91	29.78	3250	315250	3250	0	0	0	0
2466	2357.74	25.62	2345	227465	2345	0	0	0	0
2467	2358.58	34.65	1965	190605	1965	0	0	0	0
2468	2359.42	31.4	1875	181875	1875	0	0	0	0
2469	2360.25	61.21	1794	174018	1794	0	0	0	0
2470	2361.09	44.52	1721	166937	1721	0	0	0	0
2471	2361.93	55.59	1690	163930	1690	0	0	0	0
2472	2362.76	38.17	1605	155685	1605	0	0	0	0
2473	2363.6	27.77	1591	154327	1591	0	0	0	0
2474	2364.44	25.75	1543	149671	1543	0	0	0	0
2475	2365.27	19.18	1532	148604	1532	0	0	0	0
2476	2366.11	18.48	1569	152193	1569	0	0	0	0
2477	2366.95	16.86	1600	155200	1600	0	0	0	0
2478	2367.78	14.78	1754	170138	1754	0	0	0	0
2479	2368.62	17.66	1511	146567	1511	0	0	0	0
2480	2369.46	17.5	1420	137740	1420	0	0	0	0
2481	2370.29	11.85	1236	119892	1236	0	0	0	0
2482	2371.13	9.88	1120	108640	1120	0	0	0	0
2483	2371.97	7.73	900	87300	900	0	0	0	0
2484	2372.8	17.01	865	83905	865	0	0	0	0
2485	2373.64	17.85	841	81577	841	0	0	0	0
2486	2374.48	64.58	812	78764	812	0	0	0	0
2487	2375.31	52.3	699	68502	0	0	0	0	0
2488	2376.15	51.9	568	55664	0	0	0	0	0
2489	2376.99	1.67	395	38710	0	0	0	0	0
2490	2377.82	19.03	259	25382	0	0	0	0	0
2491	2378.66	34.34	179	17721	0	0	0	0	0
2492	2379.5	41.81	114	11286	0	0	0	0	0
2493	2380.33	30	113	11187	0	0	0	0	0
2494	2381.17	20.93	100	9900	0	0	0	0	0
2495	2382.01	24.79	99	9801	0	0	0	0	0
2496	2382.84	26.85	99	9801	0	0	0	0	0
2497	2383.68	21.19	95	9405	0	0	0	0	0
2498	2384.52	17.57	90	8910	0	0	0	0	0
2499	2385.35	39.17	90	8910	0	0	0	0	0
2500	2386.19	20.6	92	9108	0	0	0	0	0
2501	2387.02	30.79	95	9405	0	0	0	0	0
2502	2387.86	35.73	100	9900	0	0	0	0	0
2503	2388.7	30.14	101	9999	0	0	0	0	0
2504	2389.53	27.03	102	10098	0	0	0	0	0
2505	2390.37	42.32	117	11583	0	0	0	0	0
2506	2391.21	44.88	117	11583	0	0	0	0	0
2507	2392.04	36.02	112	11088	0	0	0	0	0
2508	2392.88	34.05	111	10989	0	0	0	0	0
2509	2393.72	33.71	109	10791	0	0	0	0	0
2510	2394.55	35.7	112	9968	1120	0	0	0	0
2511	2395.39	24.77	136	12104	1360	0	0	0	0
2512	2396.23	22.53	144	12816	1440	0	0	0	0
2513	2397.06	29.26	150	13350	1500	0	0	0	0
2514	2397.9	28.19	205	18245	2050	0	0	0	0
2515	2398.74	25.84	269	23941	2690	0	0	0	0
2516	2399.57	24.91	350	31150	3500	0	0	0	0
2517	2400.41	31.43	404	35956	4040	0	0	0	0
2518	2401.25	25.34	470	41830	4700	0	0	0	0
2519	2402.09	26.11	651	57939	6510	0	0	0	0
2520	2402.93	24.29	859	76451	8590	0	0	0	0
2521	2403.77	31.65	963	85707	9630	0	0	0	0
2522	2404.61	16.98	1054	93806	10540	0	0	0	0
2523	2405.45	38.52	1159	103151	11590	0	0	0	0
2524	2406.29	18.73	1153	102617	11530	0	0	0	0
2525	2407.13	24.27	1123	99947	11230	0	0	0	0
2526	2407.97	20.2	1136	101104	11360	0	0	0	0
2527	2408.81	19.82	1159	103151	11590	0	0	0	0
2528	2409.65	18.53	1296	115344	12960	0	0	0	0
2529	2410.49	35.19	1434	127626	14340	0	0	0	0
2530	2411.33	32.6	1543	137327	15430	0	0	0	0
2531	2412.17	31.9	1290	114810	12900	0	0	0	0
2532	2413.01	29.1	1210	107690	12100	0	0	0	0
2533	2413.85	30.6	1120	99680	11200	0	0	0	0
2534	2414.69	42.4	1051	93539	10510	0	0	0	0
2535	2415.53	39.99	968	86152	9680	0	0	0	0
2536	2416.37	38.9	821	73069	8210	0	0	0	0
2537	2417.21	31.93	745	66305	7450	0	0	0	0
2538	2418.05	29.07	732	65148	7320	0	0	0	0
2539	2418.89	16.97	768	64512	8448	3072	0	0	0
2540	2419.73	19.84	892	74928	9812	3568	0	0	0
2541	2420.57	46.84	1322	111048	14542	5288	0	0	0
2542	2421.41	30.88	1802	151368	19822	7208	0	0	0
2543	2422.25	42.98	2278	191352	25058	9112	0	0	0
2544	2423.09	42.32	2581	216804	28391	10324	0	0	0
2545	2423.93	40.96	2868	240912	31548	11472	0	0	0
2546	2424.77	43.28	3023	253932	33253	12092	0	0	0
2547	2425.61	34.63	2959	248556	32549	11836	0	0	0
2548	2426.45	52.46	2665	223860	29315	10660	0	0	0
2549	2427.29	60.29	2509	210756	27599	10036	0	0	0
2550	2428.13	62.92	2304	193536	25344	9216	0	0	0
2551	2428.97	76.39	1902	159768	20922	7608	0	0	0
2552	2429.81	83.9	1890	158760	20790	7560	0	0	0
2553	2430.65	59.83	1870	157080	20570	7480	0	0	0
2554	2431.49	54.51	1751	147084	19261	7004	0	0	0
2555	2432.33	38.27	1263	106092	13893	5052	0	0	0
2556	2433.17	44.15	1238	103992	13618	4952	0	0	0
2557	2434.01	116.69	1050	93450	10500	0	0	0	0
2558	2434.85	86.05	963	85707	9630	0	0	0	0
2559	2435.69	70.09	769	68441	7690	0	0	0	0
2560	2436.53	80.58	529	47081	5290	0	0	0	0
2561	2437.37	29.21	381	33909	3810	0	0	0	0
2562	2438.21	25.24	175	17150	0	0	0	0	0
2563	2439.05	26.88	143	14014	0	0	0	0	0
2564	2439.89	39.33	122	11956	0	0	0	0	0
2565	2440.73	31.18	111	10878	0	0	0	0	0
2566	2441.57	27.48	97	9603	0	0	0	0	0
2567	2442.41	22.99	95	9405	0	0	0	0	0
2568	2443.25	21.15	76	7524	0	0	0	0	0
2569	2444.08	27.75	60	5940	0	0	0	0	0
2570	2444.92	31.21	51	5049	0	0	0	0	0
2571	2445.76	27.44	52	5148	0	0	0	0	0
2572	2446.6	39.97	53	5247	0	0	0	0	0
2573	2447.44	41.79	61	6039	0	0	0	0	0
2574	2448.28	19.39	63	6237	0	0	0	0	0
2575	2449.12	28.01	100	9900	0	0	0	0	0
2576	2449.96	26.44	102	10098	0	0	0	0	0
2577	2450.8	29.96	98	9702	0	0	0	0	0
2578	2451.64	29.85	92	9108	0	0	0	0	0
2579	2452.48	20.36	85	8415	0	0	0	0	0
2580	2453.32	13.94	81	8019	0	0	0	0	0
2581	2454.16	16.98	79	7821	0	0	0	0	0
2582	2455	11.62	83	8217	0	0	0	0	0
2583	2455.84	14.24	81	8019	0	0	0	0	0
2584	2456.68	11.31	95	9405	0	0	0	0	0
2585	2457.52	7.96	100	9900	0	0	0	0	0
2586	2458.36	10.23	120	11880	0	0	0	0	0
2587	2459.2	65.62	165	16335	0	0	0	0	0
2588	2460.04	37.69	209	20691	0	0	0	0	0
2589	2460.88	40.12	208	20592	0	0	0	0	0
2590	2461.72	58.84	209	20691	0	0	0	0	0
2591	2462.56	65.94	210	20790	0	0	0	0	0
2592	2463.4	42.8	211	20889	0	0	0	0	0
2593	2464.24	48.49	205	20295	0	0	0	0	0
2594	2465.08	52.73	186	18414	0	0	0	0	0
2595	2465.92	45.59	169	16731	0	0	0	0	0
2596	2466.76	61.75	163	16137	0	0	0	0	0
2597	2467.6	54.18	160	15840	0	0	0	0	0
2598	2468.44	34.99	154	15246	0	0	0	0	0
2599	2469.28	36.41	152	15048	0	0	0	0	0
2600	2470.12	25.02	150	14850	0	0	0	0	0
2601	2470.96	21.48	137	13563	0	0	0	0	0
2602	2471.8	17.87	132	13068	0	0	0	0	0
2603	2472.64	29.8	129	12771	0	0	0	0	0
2604	2473.48	15.91	121	11979	0	0	0	0	0
2605	2474.32	13.27	105	10395	0	0	0	0	0
2606	2475.16	15.45	72	7128	0	0	0	0	0
2607	2476	14.22	63	6237	0	0	0	0	0
2608	2476.84	19.07	59	5841	0	0	0	0	0
2609	2477.68	18.42	51	5049	0	0	0	0	0
2610	2478.52	22.95	48	4752	0	0	0	0	0
2611	2479.36	19.81	47	4653	0	0	0	0	0
2612	2480.2	40.45	46	4554	0	0	0	0	0
2613	2481.04	58.95	48	4752	0	0	0	0	0
2614	2481.88	66.26	49	4851	0	0	0	0	0
2615	2482.72	45.14	51	5049	0	0	0	0	0
2616	2483.56	51.21	52	5148	0	0	0	0	0
2617	2484.4	40.81	49	4851	0	0	0	0	0
2618	2485.24	44.72	48	4752	0	0	0	0	0
2619	2486.08	31.29	47	4653	0	0	0	0	0
2620	2486.92	42.45	47	4653	0	0	0	0	0
2621	2487.76	37.12	46	4554	0	0	0	0	0
2622	2488.6	28.65	46	4554	0	0	0	0	0
2623	2489.44	25.29	47	4653	0	0	0	0	0
2624	2490.28	28.37	49	4851	0	0	0	0	0
2625	2491.12	26.01	51	5049	0	0	0	0	0
2626	2491.96	19.55	50	4950	0	0	0	0	0
2627	2492.8	11.98	55	5445	0	0	0	0	0
2628	2493.64	14.32	61	6039	0	0	0	0	0
2629	2494.48	17.04	65	6435	0	0	0	0	0
2630	2495.32	23.42	67	6633	0	0	0	0	0
2631	2496.16	17.27	77	7623	0	0	0	0	0
2632	2497	18.48	75	7425	0	0	0	0	0
2633	2497.84	15.33	73	7227	0	0	0	0	0
2634	2498.68	14.04	73	7227	0	0	0	0	0
2635	2499.52	17.12	74	7326	0	0	0	0	0
2636	2500.36	14.99	75	7425	0	0	0	0	0
2637	2501.2	15.05	75	7425	0	0	0	0	0
2638	2502.04	12.55	76	7524	0	0	0	0	0
2639	2502.88	18.7	77	7623	0	0	0	0	0
2640	2503.72	20.97	78	7722	0	0	0	0	0
2641	2504.56	40.92	77	7623	0	0	0	0	0
2642	2505.4	41.97	75	7425	0	0	0	0	0
2643	2506.23	34.47	76	7524	0	0	0	0	0
2644	2507.07	29.44	74	7326	0	0	0	0	0
2645	2507.91	25.65	74	7326	0	0	0	0	0
2646	2508.75	19.09	75	7425	0	0	0	0	0
2647	2509.59	17	77	7623	0	0	0	0	0
2648	2510.43	30.11	76	7524	0	0	0	0	0
2649	2511.27	20.79	74	7326	0	0	0	0	0
2650	2512.11	17.58	72	7128	0	0	0	0	0
2651	2512.95	18.55	73	7227	0	0	0	0	0
2652	2513.79	20.46	78	7722	0	0	0	0	0
2653	2514.63	20.31	86	8514	0	0	0	0	0
2654	2515.47	26.94	85	8415	0	0	0	0	0
2655	2516.31	22.31	86	8514	0	0	0	0	0
2656	2517.15	13.56	87	8613	0	0	0	0	0
2657	2517.99	19.65	88	8712	0	0	0	0	0
2658	2518.83	17.9	89	8811	0	0	0	0	0
2659	2519.67	14.29	88	8712	0	0	0	0	0
2660	2520.43	13.2	81	8019	0	0	0	0	0
2661	2520.5	16.86	72	7128	0	0	0	0	0
2662	2521.34	19.85	64	6336	0	0	0	0	0
2663	2522.18	22.62	53	5247	0	0	0	0	0
2664	2523.02	22.87	50	4950	0	0	0	0	0
2665	2523.86	25.26	49	4851	0	0	0	0	0
2666	2524.7	22.01	54	5346	0	0	0	0	0
2667	2525.54	23.21	56	5544	0	0	0	0	0
2668	2526.38	18.44	55	5445	0	0	0	0	0
2669	2527.76	15.51	52	5148	0	0	0	0	0
2670	2528.06	46.09	48	4752	0	0	0	0	0
2671	2528.9	46.57	45	4455	0	0	0	0	0
2672	2529.74	44.28	44	4356	0	0	0	0	0
2673	2530.57	29.27	43	4257	0	0	0	0	0
2674	2531.41	24.01	41	4059	0	0	0	0	0
2675	2532.25	23.03	37	3663	0	0	0	0	0
2676	2533.09	18.95	36	3564	0	0	0	0	0
2677	2533.93	20.75	37	3663	0	0	0	0	0
2678	2534.77	18.04	37	3663	0	0	0	0	0
2679	2535.61	20.24	38	3762	0	0	0	0	0
2680	2536.45	23.53	40	3960	0	0	0	0	0
2681	2537.29	23.97	41	4059	0	0	0	0	0
2682	2538.13	26.24	57	5643	0	0	0	0	0
2683	2538.97	25.86	79	7821	0	0	0	0	0
2684	2539.81	26.84	94	9306	0	0	0	0	0
2685	2540.65	25.02	105	10395	0	0	0	0	0
2686	2541.49	18.31	108	10692	0	0	0	0	0
2687	2542.33	23.42	106	10494	0	0	0	0	0
2688	2543.17	21.44	99	9801	0	0	0	0	0
2689	2544.01	20.82	92	9108	0	0	0	0	0
2690	2544.85	20.61	86	8514	0	0	0	0	0
2691	2545.69	18.26	84	8316	0	0	0	0	0
2692	2546.53	18.62	83	8217	0	0	0	0	0
2693	2547.36	20.55	81	8019	0	0	0	0	0
2694	2548.2	15.65	76	7524	0	0	0	0	0
2695	2549.04	12.38	74	7326	0	0	0	0	0
2696	2294.76	8.41	73	7227	0	0	0	0	0
2697	2549.76	18.75	72	7128	0	0	0	0	0
2698	2549.76	21.3	73	7227	0	0	0	0	0
2699	2552.4	47.05	76	7524	0	0	0	0	0
2700	2553.23	22.88	77	7623	0	0	0	0	0
2701	2554.08	43.33	79	7821	0	0	0	0	0
2702	2554.92	31.6	84	8316	0	0	0	0	0
2703	2555.76	18.86	87	8613	0	0	0	0	0
2704	2556.6	20.34	89	8811	0	0	0	0	0
2705	2557.44	15.47	91	9009	0	0	0	0	0
2706	2558.28	25.68	110	10890	0	0	0	0	0
2707	2559.12	22.64	120	11880	0	0	0	0	0
2708	2559.96	18.97	116	11484	0	0	0	0	0
2709	2560.8	17.36	115	11385	0	0	0	0	0
2710	2561.64	17.68	113	11187	0	0	0	0	0
2711	2562.48	20.48	111	10989	0	0	0	0	0
2712	2563.32	19.76	99	9801	0	0	0	0	0
2713	2564.16	19.98	98	9702	0	0	0	0	0
2714	2565	19.7	95	9405	0	0	0	0	0
2715	2565.83	17.77	92	9108	0	0	0	0	0
2716	2566.67	21.66	89	8811	0	0	0	0	0
2717	2567.51	20.93	84	8316	0	0	0	0	0
2718	2568.35	22.16	82	8118	0	0	0	0	0
2719	2569.19	26.1	80	7920	0	0	0	0	0
2720	2570.03	28.03	79	7821	0	0	0	0	0
2721	2570.87	28.6	78	7722	0	0	0	0	0
2722	2571.71	27.23	72	7128	0	0	0	0	0
2723	2572.55	26.01	70	6930	0	0	0	0	0
2724	2573.39	19.57	68	6732	0	0	0	0	0
2725	2574.23	16.78	65	6435	0	0	0	0	0
2726	2574.94	18.06	64	6336	0	0	0	0	0
2727	2575.92	26.11	66	6534	0	0	0	0	0
2728	2576.75	33.53	75	7425	0	0	0	0	0
2729	2577.59	19.87	81	8019	0	0	0	0	0
2730	2578.43	21.59	80	7920	0	0	0	0	0
2731	2579.27	27.98	78	7722	0	0	0	0	0
2732	2580.11	25.17	79	7821	0	0	0	0	0
2733	2580.95	19.7	80	7920	0	0	0	0	0
2734	2581.79	19.23	85	8415	0	0	0	0	0
2735	2582.63	20.13	86	8514	0	0	0	0	0
2736	2583.46	25.75	87	8613	0	0	0	0	0
2737	2584.3	21.17	89	8811	0	0	0	0	0
2738	2585.14	37.29	91	9009	0	0	0	0	0
2739	2585.98	41.15	95	9405	0	0	0	0	0
2740	2586.82	29.18	95	9405	0	0	0	0	0
2741	2587.66	27.68	96	9504	0	0	0	0	0
2742	2588.5	25.72	95	9405	0	0	0	0	0
2743	2589.34	29.25	96	9504	0	0	0	0	0
2744	2590.18	20.91	95	9405	0	0	0	0	0
2745	2591.02	20.7	94	9306	0	0	0	0	0
2746	2591.86	25.2	93	9207	0	0	0	0	0
2747	2592.7	26.76	92	9108	0	0	0	0	0
2748	2593.54	23.79	91	9009	0	0	0	0	0
2749	2594.38	21.21	90	8910	0	0	0	0	0
2750	2595.22	20.47	89	8811	0	0	0	0	0
2751	2596.06	23.23	88	8712	0	0	0	0	0
2752	2596.9	21.02	87	8613	0	0	0	0	0
2753	2597.74	21.54	86	8514	0	0	0	0	0
2754	2598.57	35.6	85	8415	0	0	0	0	0
2755	2599.57	21.34	86	8514	0	0	0	0	0
2756	2600.18	18.57	89	8811	0	0	0	0	0
2757	2601.09	23.66	92	9108	0	0	0	0	0
2758	2601.93	23.74	98	9702	0	0	0	0	0
2759	2602.77	21.68	99	9801	0	0	0	0	0
2760	2603.61	24.75	108	10692	0	0	0	0	0
2761	2604.45	25.25	105	10395	0	0	0	0	0
2762	2605.29	25.79	102	10098	0	0	0	0	0
2763	2606.13	24.54	99	9801	0	0	0	0	0
2764	2606.97	20.26	100	9900	0	0	0	0	0
2765	2607.81	24.62	99	9801	0	0	0	0	0
2766	2608.65	26.08	101	9999	0	0	0	0	0
2767	2609.49	29.02	102	10098	0	0	0	0	0
2768	2610.33	26.75	101	9999	0	0	0	0	0
2769	2611.17	20.92	100	9900	0	0	0	0	0
2770	2612.01	18.67	99	9801	0	0	0	0	0
2771	2612.85	22.25	100	9900	0	0	0	0	0
2772	2613.69	22.05	102	10098	0	0	0	0	0
2773	2614.53	22.62	104	10296	0	0	0	0	0
2774	2615.37	23.76	105	10395	0	0	0	0	0
2775	2616.21	22.96	103	10197	0	0	0	0	0
2776	2617.05	22.82	101	9999	0	0	0	0	0
2777	2617.89	22.31	96	9504	0	0	0	0	0
2778	2618.55	23.64	91	9009	0	0	0	0	0
2779	2619.14	21.72	89	8811	0	0	0	0	0
2780    2620.40 97.96   7        693    0       0       0       0       0 
2781    2621.40 59.98   7        693    0       0       0       0       0
2782    2622.08 10.36   8        792    0       0       0       0       0
2783	2623.04	12.52	8	792	0	0	0	0	0
2784	2624.64	23.62	11	1089	0	0	0	0	0
2785	2625.48	26.16	11	1089	0	0	0	0	0
2786	2626.32	20.13	11	1089	0	0	0	0	0
2787	2627.16	22.03	11	1089	0	0	0	0	0
2788	2628	18.42	10	990	0	0	0	0	0
2789	2628.84	21.6	10	990	0	0	0	0	0
2790	2629.68	21.91	10	990	0	0	0	0	0
2791	2630.51	30.95	11	1089	0	0	0	0	0
2792	2631.35	12.3	12	1188	0	0	0	0	0
2793	2632.19	5.89	12	1188	0	0	0	0	0
2794	2633.03	22.13	12	1188	0	0	0	0	0
2795	2633.87	29.37	12	1188	0	0	0	0	0
2796	2634.71	25.43	12	1188	0	0	0	0	0
2797	2635.55	28.86	10	990	0	0	0	0	0
2798	2636.39	25.13	12	1188	0	0	0	0	0
2799	2637.23	72.87	12	1188	0	0	0	0	0
2800	2638.06	36.8	14	1386	0	0	0	0	0
2801	2638.9	23.02	14	1386	0	0	0	0	0
2802	2639.74	21.16	17	1683	0	0	0	0	0
2803	2640.58	35.56	17	1683	0	0	0	0	0
2804	2641.42	35.52	17	1683	0	0	0	0	0
2805	2642.26	25.29	14	1386	0	0	0	0	0
2806	2643.1	25.56	15	1485	0	0	0	0	0
2807	2643.94	31.86	15	1485	0	0	0	0	0
2808	2644.78	28.85	14	1386	0	0	0	0	0
2809	2645.61	30.69	16	1584	0	0	0	0	0
2810	2646.45	32.87	16	1584	0	0	0	0	0
2811	2647.29	26.54	13	1287	0	0	0	0	0
2812	2648.05	23.97	11	1089	0	0	0	0	0
2813	2648.11	20.8	10	990	0	0	0	0	0
2814	2648.95	28.11	11	1089	0	0	0	0	0
2815	2649.79	26.11	11	1089	0	0	0	0	0
2816	2650.63	30.53	15	1485	0	0	0	0	0
2817	2651.47	29.21	20	1980	0	0	0	0	0
2818	2652.31	28.25	20	1980	0	0	0	0	0
2819	2653.15	34.25	25	2475	0	0	0	0	0
2820	2653.99	31.07	35	3465	0	0	0	0	0
2821	2654.82	28.81	40	3880	40	0	0	0	0
2822	2655.66	22.75	45	4365	45	0	0	0	0
2823	2656.5	27.07	50	4850	50	0	0	0	0
2824	2657.34	28.47	56	5432	56	0	0	0	0
2825	2658.18	25.87	157	15229	157	0	0	0	0
2826	2659.02	36.45	211	20467	211	0	0	0	0
2827	2659.86	69.32	877	85069	877	0	0	0	0
2828	2660.7	41.69	3120	302640	3120	0	0	0	0
2829	2661.54	23.88	2935	284695	2935	0	0	0	0
2830	2662.38	22.07	1881	182457	1881	0	0	0	0
2831	2663.22	8.73	1789	173533	1789	0	0	0	0
2832	2664.06	18.36	1565	151805	1565	0	0	0	0
2833	2664.9	26.41	1475	143075	1475	0	0	0	0
2834	2665.74	31.39	1662	161214	1662	0	0	0	0
2835	2666.58	24.99	1651	160147	1651	0	0	0	0
2836	2667.68	24.95	1638	158886	1638	0	0	0	0
2837	2668.92	29.43	1616	156752	1616	0	0	0	0
2838	2669.75	28.93	1353	131241	1353	0	0	0	0
2839	2670.59	23.2	1151	111647	1151	0	0	0	0
2840	2671.43	23.36	921	89337	921	0	0	0	0
2841	2672.27	25.12	733	72567	0	0	0	0	0
2842	2673.11	25.03	652	64548	0	0	0	0	0
2843	2673.95	24.78	568	56232	0	0	0	0	0
2844	2674.79	27.94	480	47520	0	0	0	0	0
2845	2675.63	25.89	368	36432	0	0	0	0	0
2846	2676.46	27.62	210	20790	0	0	0	0	0
2847	2677.3	22.42	120	11880	0	0	0	0	0
2848	2678.14	21.36	95	9405	0	0	0	0	0
2849	2678.98	25.78	96	9504	0	0	0	0	0
2850	2679.82	25.34	98	9702	0	0	0	0	0
2851	2680.66	19.84	102	10098	0	0	0	0	0
2852	2681.5	18.45	100	9900	0	0	0	0	0
2853	2682.34	16.49	100	9900	0	0	0	0	0
2854	1878.15	7.42	102	10098	0	0	0	0	0
2855	536.87	0.17	103	10197	0	0	0	0	0
2856	2684.85	32.66	103	10197	0	0	0	0	0
2857	2685.69	24.88	103	10197	0	0	0	0	0
2858	2686.09	24.57	97	9603	0	0	0	0	0
2859	2686.88	34.5	97	9603	0	0	0	0	0
2860	2687.72	36.58	64	6336	0	0	0	0	0
