Depth	TVD	ROP	WOB	RPM   Torque  Pump Pres	GPM	Temp In	Temp Out		
460	459.9	28.46	3.91	62	2	734	565	97	85
461	460.9	26.1	2.04	62	2	683	539	97	85
462	461.9	30.52	3.05	62	3	657	516	97	85
463	462.9	21.44	3.33	61	3	672	518	97	85
464	463.9	9.56	2.59	61	3	602	496	97	85
465	464.9	14.57	2.19	62	2	594	496	97	85
466	465.9	11.24	0.96	60	3	630	509	97	85
467	466.9	16.72	2.69	60	3	696	544	97	85
468	467.9	31.98	0.33	60	3	678	545	97	86
469	468.9	29.54	0.08	60	2	695	544	97	86
470	469.9	13.48	0.56	58	3	709	551	97	86
471	470.9	62.46	4.84	51	4	1238	750	97	86
472	471.9	37.38	3.27	57	5	1276	769	97	86
473	472.9	23.13	3.24	58	4	1269	768	97	86
474	473.9	31.25	3.88	57	4	1283	769	97	86
475	474.9	22.86	10.73	42	3	1322	715	97	86
476	475.9	40.58	16.15	33	3	1470	728	97	86
477	476.9	44.56	17.04	33	3	1473	728	97	86
478	477.9	57.43	8.99	42	2	593	291	97	86
479	478.9	56.4	6.27	45	2	580	505	97	86
480	479.9	48.62	5.96	55	2	750	565	97	86
481	480.9	51.2	5.64	56	3	750	565	97	86
482	481.9	41.36	5.32	56	2	760	565	97	86
483	482.9	38.6	5.21	57	3	770	565	97	86
484	483.9	37.75	5.42	42	3	750	565	97	86
485	484.9	35.94	4.69	39	3	770	565	97	86
486	485.9	34.12	4.75	38	3	880	606	97	86
487	486.9	31.24	4.32	40	2	900	625	97	86
488	487.9	31.56	3.21	39	2	880	606	98	86
489	488.9	30.85	2.96	38	2	900	606	98	86
490	489.9	28.64	3.14	42	3	900	606	98	86
491	490.9	27.64	4.26	45	2	880	606	98	86
492	491.9	26.32	5.13	50	2	940	606	98	86
493	492.9	27.57	5.03	52	2	920	658	98	86
494	493.9	28.64	5.42	58	2	930	658	98	86
495	494.9	26.35	5.36	59	3	920	658	98	86
496	495.9	25.41	5.37	58	2	910	606	98	86
497	496.9	24.31	6.34	59	3	900	606	98	86
498	497.9	28.94	6.49	58	4	921	635	98	86
499	498.9	29.41	5.44	57	5	911	650	98	86
500	499.9	33.14	9.28	56	5	924	650	98	86
501	500.9	19.71	5.55	64	5	908	648	98	86
502	501.9	18.99	5.66	60	4	930	655	98	86
503	502.9	18.88	6.95	59	4	914	653	98	86
504	503.9	17.81	6.5	60	4	848	645	98	86
505	504.9	28.08	6.28	60	4	840	630	98	86
506	505.9	18.15	7.73	60	4	819	611	98	86
507	506.9	10.78	6.16	60	4	824	611	98	86
508	507.9	12.44	4.23	79	5	835	622	98	86
509	508.9	23.32	5.69	78	6	840	622	98	86
510	509.9	15.48	4.45	79	5	892	638	98	86
511	510.9	9.65	1.61	78	2	365	256	98	86
512	511.9	7.56	3.25	78	2	420	300	98	86
513	512.9	8.12	2.89	79	2	455	322	98	86
514	513.9	42.92	6.46	79	7	922	644	98	86
515	514.9	31.92	7.05	80	6	927	644	98	86
516	515.9	15.8	5.21	80	5	880	640	98	86
517	516.9	34.56	5.25	80	6	912	633	98	86
518	517.9	31.53	6.61	79	6	918	643	98	86
519	518.9	32.93	7.61	79	7	944	654	98	86
520	519.9	28.68	6.07	80	6	1002	658	98	86
521	520.9	28.38	5.11	81	6	1087	679	98	86
522	521.9	25.31	5.15	79	7	1104	682	98	86
523	522.9	29.14	5.67	79	8	1093	681	98	86
524	523.9	22.05	8.35	84	7	1082	681	98	86
525	524.9	24.25	6.53	94	6	1024	667	98	86
526	525.9	29.9	7.4	80	6	1002	651	98	86
527	526.9	46.41	7.62	61	5	1011	639	98	86
528	527.9	34.29	5.8	74	5	997	642	98	86
529	528.9	27.58	7.96	89	6	993	642	98	86
530	529.9	25.53	5.24	90	5	998	642	98	86
531	530.9	19	6.31	89	6	965	642	98	86
532	531.9	25.72	7.98	89	6	917	649	98	86
533	532.9	24.39	5.6	82	5	821	611	98	86
534	533.9	36.96	3.44	87	3	730	591	90	86
535	534.9	31.09	1.72	87	3	741	591	90	86
536	535.9	29.88	2.98	87	3	732	594	90	86
537	536.9	29.46	2.53	87	3	730	594	90	86
538	537.9	34.44	3.05	87	3	729	594	90	86
539	538.9	47.89	4.59	87	3	734	594	90	86
540	539.9	17.31	2.88	88	3	732	594	90	86
541	540.9	17	2.73	87	3	731	594	90	86
542	541.9	19.52	1.93	87	3	729	594	90	86
543	542.9	23.58	2.6	88	3	739	594	90	87
544	543.9	12.65	1.56	85	2	740	594	90	87
545	544.9	19.65	2.3	86	3	740	591	90	87
546	545.9	23.45	1.89	85	3	770	589	90	87
547	546.9	31.57	2.18	87	2	790	594	90	87
548	547.9	45.91	2.45	81	2	780	594	90	87
549	548.9	43.18	3.61	78	2	770	594	90	87
550	549.9	31.48	3.48	76	3	780	594	91	87
551	550.9	20.46	2.36	72	3	790	594	91	87
552	551.9	21.76	2.3	65	2	800	594	91	87
553	552.9	39.78	7.2	68	2	1037	689	91	87
554	553.9	96.65	4.25	57	3	739	489	91	87
555	554.9	155.68	5.66	66	2	857	560	91	87
556	555.9	175.14	6.31	74	2	949	629	91	87
557	556.9	85.34	7.06	74	2	939	629	91	88
558	557.9	30.79	10.1	82	3	1043	699	91	88
559	558.9	10.67	7.4	82	3	1051	699	91	88
560	559.9	31.21	9.09	81	3	1064	699	91	88
561	560.9	30.22	8.06	81	3	1063	699	91	88
562	561.9	25.17	8.4	81	3	1059	699	91	88
563	562.9	15.64	4.55	49	2	637	419	91	88
564	563.9	10.47	2.49	33	2	433	279	92	88
565	564.9	48.45	8.46	89	3	1122	710	92	89
566	565.9	41.58	8.2	89	3	1140	709	92	89
567	566.9	31.13	7.82	89	3	1126	710	92	89
568	567.9	19.35	9.71	89	3	1120	709	92	89
569	568.9	29.53	9.03	89	3	1128	710	92	89
570	569.9	30.93	12.03	89	4	1126	710	92	89
571	570.9	26.84	9.42	89	4	1129	710	92	89
572	571.9	24.67	11.28	89	4	1133	710	92	89
573	572.9	13.86	10.22	89	3	1125	710	92	89
574	573.9	18.65	8.76	89	3	1139	710	92	89
575	574.9	26.22	10.45	89	4	1137	710	92	89
576	575.9	18.13	9.89	89	4	1151	710	93	89
577	576.9	17.59	10.06	89	3	1158	709	93	89
578	577.9	28.33	9.25	89	4	1158	710	93	89
579	578.9	28.77	8.87	89	3	1150	709	93	89
580	579.9	31.02	8.79	89	3	1154	710	93	89
581	580.9	33.28	7.67	89	3	1148	710	93	90
582	581.9	28.54	7.72	89	3	1155	709	93	90
583	582.9	28.72	7.9	89	3	1158	710	93	90
584	583.9	20.12	10.62	88	4	1150	710	93	90
585	584.9	15.59	6.76	86	3	1147	709	93	90
586	585.9	60.9	4.16	55	4	1154	702	93	90
587	586.9	35.7	5.16	76	4	1162	703	93	90
588	587.9	28.59	2.13	90	4	1155	704	93	90
589	588.9	25.63	1.1	90	4	1166	704	93	90
590	589.9	26.74	1.61	90	4	1166	704	93	90
591	590.9	24.05	2.65	90	4	1177	704	93	90
592	591.9	15.24	5.36	89	4	1184	705	93	90
593	592.9	22.59	1.91	18	3	615	464	93	90
594	593.9	60.3	9.12	51	2	940	614	93	90
595	594.9	24.3	3.74	86	4	1208	716	93	90
596	595.9	22.52	7.15	86	4	1225	718	93	90
597	596.9	14.27	3.57	86	4	1215	718	93	90
598	597.9	15.67	1.22	85	4	1213	717	93	90
599	598.9	17.83	3.28	86	4	1217	718	93	90
600	599.9	14.09	4.24	87	4	1220	716	93	90
601	600.9	19.69	4.41	89	5	1222	717	93	91
602	601.9	24.18	2	90	4	1195	704	93	91
603	602.9	31.56	2.16	90	4	1173	699	93	91
604	603.9	33.78	3.79	89	4	1175	699	93	91
605	604.9	15.4	3.66	90	4	1173	699	93	91
606	605.9	23.31	2.85	90	4	1201	707	93	91
607	606.9	29.4	4.54	89	4	1208	709	93	91
608	607.9	25.66	3.61	89	4	1219	709	93	91
609	608.9	26.98	5.13	89	4	1225	709	93	91
610	609.9	26.65	3.81	90	4	1225	709	93	91
611	610.9	22.42	4.34	89	4	1209	709	93	91
612	611.9	24.54	6.47	89	5	1215	709	93	91
613	612.9	18.51	5.65	89	4	1210	705	93	92
614	613.9	18.16	2.42	89	4	1211	693	93	92
615	614.9	17.73	2.1	88	4	1276	711	93	92
616	615.9	11.02	1.9	88	4	1272	711	93	92
617	616.9	15.64	1.2	89	4	1271	711	93	92
618	617.9	23.79	2.1	88	4	1269	711	93	92
619	618.9	15.24	1.6	71	3	1024	568	93	92
620	619.9	18.94	2.3	88	4	1274	711	93	92
621	620.9	26.25	2.1	88	4	1280	711	93	92
622	621.9	29.26	1.2	88	5	1283	711	93	92
623	622.9	9.96	1.6	70	3	1037	568	93	92
624	623.9	33.33	1.85	88	4	1280	711	94	92
625	624.9	15.02	3.81	88	4	1282	711	94	92
626	625.9	16.58	6.63	88	4	1281	711	94	92
627	626.9	15.15	4.33	88	4	1266	711	94	92
628	627.9	18.96	1.2	88	4	1280	711	94	92
629	628.9	20.49	4.25	88	4	1273	711	94	92
630	629.9	29.07	1.57	88	4	1282	711	94	92
631	630.9	31.62	2.61	88	5	1282	711	94	92
632	631.9	29.42	1.87	88	4	1281	711	94	92
633	632.9	25.55	2.23	90	4	1288	711	94	92
634	633.9	15.98	1.75	91	4	1286	711	94	92
635	634.9	22.66	3.22	96	4	1292	711	94	93
636	635.9	25.44	3.91	96	4	1290	711	94	93
637	636.9	26.81	4.05	96	5	1299	711	94	93
638	637.9	28.21	4.38	97	5	1302	711	94	93
639	638.9	25.81	1.89	95	5	1296	711	94	93
640	639.9	21.25	3.33	98	4	1297	711	94	93
641	640.9	23.59	1.29	99	4	1300	711	94	93
642	641.9	23.67	3.42	98	5	1303	711	94	93
643	642.9	31.56	0.3	75	4	1035	609	94	93
644	643.9	38.82	0.69	91	3	1146	658	94	93
645	644.9	16.4	5.84	97	4	1246	690	94	93
646	645.9	15.48	3.42	97	4	1244	691	94	93
647	646.9	16.71	5.08	71	3	1248	692	94	93
648	647.9	37.31	7.62	68	4	1232	692	94	93
649	648.9	21.32	8.33	85	4	1241	692	94	93
650	649.9	18.76	6.42	97	4	1238	692	94	93
651	650.9	17.93	8.84	97	4	1251	696	94	93
652	651.9	26.18	10.79	97	4	1268	699	94	93
653	652.9	32.95	9.24	96	4	1272	694	94	93
654	653.9	28.72	11.1	95	4	1272	692	94	94
655	654.9	26.98	9.28	96	4	1286	696	94	94
656	655.9	30.73	14.8	98	4	1277	701	94	94
657	656.9	24.15	12.18	97	5	1281	701	94	94
658	657.9	15.69	8.21	97	4	1274	700	94	94
659	658.9	24.92	11.94	97	4	1279	700	94	94
660	659.9	29.55	12.91	97	4	1282	701	94	94
661	660.9	16.52	13.22	97	4	1281	699	94	94
662	661.9	25.28	13.58	97	4	1280	701	94	94
663	662.9	27.68	11.84	97	5	1275	701	94	94
664	663.9	38.4	9.66	97	4	1276	693	94	94
665	664.9	21.53	12.01	97	4	1285	692	94	94
666	665.9	40.17	11.42	97	4	1283	692	94	94
667	666.9	36.25	11.03	97	4	1305	692	94	94
668	667.9	57.74	14.93	97	5	1298	692	94	94
669	668.9	61.08	16.23	96	5	1300	692	94	94
670	669.9	45.05	14.36	97	5	1293	692	94	94
671	670.9	55.56	17.16	97	5	1301	692	94	94
672	671.9	22.95	14.4	96	5	1292	692	94	94
673	672.9	26.47	13.68	97	5	1304	697	94	94
674	673.9	50.16	14.51	97	4	1294	692	94	94
675	674.9	28.98	12.23	97	4	1237	669	94	94
676	675.9	32.37	14.12	97	5	1236	671	94	94
677	676.9	47.42	12.48	97	5	1291	690	94	94
678	677.9	44.01	15.82	98	5	1302	698	94	94
679	678.9	34.89	17.62	98	5	1306	697	94	94
680	679.9	35.38	15.21	98	5	1314	697	94	94
681	680.9	14.57	14.46	97	5	1304	697	94	94
682	681.9	17.97	12.89	97	5	1317	697	94	94
683	682.9	16.78	13.02	96	5	1316	698	94	94
684	683.9	25.64	15.64	97	5	1314	697	94	94
685	684.9	59.82	8.52	97	3	1339	700	94	94
686	685.9	42.29	11.6	97	4	1348	701	94	94
687	686.9	28.33	14.4	97	4	1344	701	94	94
688	687.9	14.75	11.81	97	4	1348	701	94	94
689	688.9	19.41	10.48	97	4	1346	700	94	94
690	689.9	22.36	15.05	97	4	1354	701	94	94
691	690.9	15.71	12.83	97	4	1347	700	94	94
692	691.9	20.96	13.11	97	4	1350	701	94	95
693	692.9	15.15	8.78	97	4	1352	701	94	95
694	693.9	19.21	12.59	97	4	1354	701	94	95
695	694.9	20.78	12.18	97	4	1340	700	94	95
696	695.9	21.14	12.9	97	4	1345	700	94	95
697	696.9	14.98	10.97	97	4	1349	699	94	95
698	697.9	16.72	12.09	97	4	1367	700	94	95
699	698.9	22.81	17.51	97	4	1343	699	94	95
700	699.9	13.25	15.18	97	4	1341	700	94	95
701	700.9	18.87	9.23	97	4	1285	689	94	95
702	701.9	14.83	10.92	97	4	1239	680	94	95
703	702.9	14.41	9.58	97	4	1253	681	94	95
704	703.9	14.99	13.4	96	4	1251	681	94	95
705	704.9	16.78	12.34	97	4	1247	684	94	95
706	705.9	7.45	9.6	95	3	1210	631	94	95
707	706.9	16.3	10.3	94	4	1211	631	94	95
708	707.9	17.9	12.44	94	4	1216	631	94	95
709	708.9	23.62	12.91	96	5	1336	701	94	95
710	709.9	18.93	11.86	96	5	1349	701	94	95
711	710.9	14.13	13.38	97	4	1348	701	94	95
712	711.9	18.55	12.78	97	4	1356	702	94	95
713	712.9	13.56	11.08	97	4	1355	701	94	95
714	713.9	23.02	12.44	97	4	1359	701	94	95
715	714.9	14.79	13.48	97	4	1364	702	94	95
716	715.9	16.74	12.58	96	4	1363	702	94	95
717	716.9	14.02	10.7	97	4	1362	702	94	95
718	717.9	24.03	10.49	97	4	1364	702	94	95
719	718.9	37.41	13.08	97	5	1368	702	94	95
720	719.9	26.2	13.92	97	5	1373	701	94	95
721	720.9	33.69	15.31	96	5	1372	702	94	95
722	721.9	20.31	16.55	96	5	1371	702	94	95
723	722.9	31.71	14.16	96	5	1373	701	94	95
724	723.9	30.42	14.11	96	5	1381	702	94	95
725	724.9	32.59	13.91	96	5	1372	702	94	95
726	725.9	23.87	18.23	96	5	1385	701	94	95
727	726.9	23.91	16.11	96	5	1381	701	94	95
728	727.9	23.66	16.5	96	5	1381	700	94	95
729	728.9	27.59	13.44	96	5	1379	702	94	95
730	729.9	23.85	13.16	96	5	1381	701	94	95
731	730.9	48.68	12.62	96	5	1407	701	94	95
732	731.9	22.48	12.06	97	5	1427	702	94	95
733	732.9	22.03	10.66	97	5	1428	702	94	95
734	733.9	26.5	9.13	97	5	1434	702	94	95
735	734.9	23.39	9.84	97	5	1433	702	94	95
736	735.9	20.38	10.53	97	5	1436	702	94	96
737	736.9	17.22	11.75	97	5	1445	702	94	96
738	737.9	19.86	12.14	97	5	1396	691	94	96
739	738.9	17.87	8.59	97	4	1016	601	94	96
740	739.9	19.45	11.38	97	4	1023	599	94	96
741	740.9	22.15	7.16	97	4	1389	683	94	96
742	741.9	31.31	8.46	97	4	1426	692	95	96
743	742.9	32.7	10.93	97	5	1433	692	95	96
744	743.9	19.07	13.68	96	5	1437	692	95	96
745	744.9	16.69	13.69	96	5	1432	692	95	96
746	745.9	18.26	11.86	97	5	1435	692	95	96
747	746.9	17.98	11.86	97	5	1423	692	95	96
748	747.9	14.41	14.37	97	4	1438	692	95	96
749	748.9	13.25	11.73	97	4	1419	692	95	96
750	749.9	20.76	11.17	97	4	1268	694	95	96
751	750.9	22	12.76	97	5	1440	697	95	96
752	751.9	15.87	10.42	97	5	1441	697	95	96
753	752.9	16.56	12.93	97	5	1442	698	95	96
754	753.9	12.98	11.89	96	5	1445	701	95	96
755	754.9	18.29	9.76	96	5	1448	702	95	96
756	755.9	22.77	9.38	96	5	1449	702	95	96
757	756.9	29.71	14.13	97	5	1443	702	95	96
758	757.9	28.65	9	97	4	1428	698	95	96
759	758.9	40.98	6.13	97	4	1414	694	95	96
760	759.9	22.92	8.68	97	4	1462	702	95	96
761	760.9	21.18	10.13	97	4	1482	702	95	96
762	761.9	39.67	9.9	96	5	1473	703	95	96
763	762.9	31.69	11.49	96	5	1494	709	95	96
764	763.9	21.98	10.99	96	5	1503	709	95	96
765	764.9	26.71	10.22	96	5	1502	709	95	96
766	765.9	23.49	13.51	96	5	1508	709	95	96
767	766.9	27.73	15.84	96	6	1518	709	95	96
768	767.9	23.89	13.82	96	6	1516	709	95	96
769	768.9	35.06	14.69	96	5	1520	709	95	96
770	769.9	28.64	17.79	96	6	1519	709	95	96
771	770.9	21.69	14.85	96	5	1513	709	95	96
772	771.9	21.15	12.95	96	5	1506	709	95	96
773	772.9	21.2	12.87	96	5	1510	709	95	96
774	773.9	26.89	14.19	96	5	1506	709	95	96
775	774.9	24.15	14.11	96	6	1510	709	95	96
776	775.9	26.56	14.72	96	5	1502	709	95	96
777	776.9	23.3	14.28	96	6	1496	709	95	96
778	777.9	20.61	10.85	96	5	1504	709	95	96
779	778.9	21.09	15.04	96	6	1504	709	95	96
780	779.9	19.08	13.34	96	6	1504	709	95	96
781	780.9	19.28	13.54	96	5	1510	709	95	96
782	781.9	21.4	14.41	96	6	1511	709	95	96
783	782.9	18.24	18.47	96	6	1500	709	95	96
784	783.9	16.76	14.6	96	6	1444	709	95	96
785	784.9	22.48	12.26	96	6	1566	709	95	96
786	785.9	25.5	3.9	98	5	1621	733	95	96
787	786.9	24.14	1.66	98	5	1632	742	95	96
788	787.9	22.52	4.87	98	5	1625	734	95	96
789	788.9	25.24	2.74	98	6	1519	700	95	96
790	789.9	26.46	3.42	98	6	1516	701	95	96
791	790.9	28.55	4.73	98	6	1530	699	95	96
792	791.9	34.95	5.91	98	6	1531	701	95	96
793	792.9	26.77	5.42	98	6	1535	700	95	96
794	793.9	24.85	6.02	98	6	1534	700	95	96
795	794.9	26.07	7.94	98	6	1539	700	95	96
796	795.9	24.6	5.73	98	6	1543	702	95	96
797	796.9	26.88	5.53	98	6	1549	702	95	96
798	797.9	23.69	5.34	97	6	1551	701	95	96
799	798.9	25.87	6.99	97	6	1547	701	95	96
800	799.9	22.79	4.09	97	5	1547	701	95	96
801	800.9	30.89	12.23	96	6	1543	702	95	96
802	801.9	26.87	9.98	77	5	1239	561	95	96
803	802.9	23.01	8.91	77	5	1247	560	95	96
804	803.9	30.76	15.59	97	6	1549	701	95	96
805	804.9	24.29	11.48	96	6	1541	700	95	96
806	805.9	18.59	11.69	97	6	1527	701	95	96
807	806.9	23.47	12.62	97	6	1518	701	95	96
808	807.9	22.74	14.62	97	6	1516	701	95	96
809	808.9	19.98	12.37	96	6	1531	702	95	96
810	809.9	15.95	15.07	97	6	1524	701	95	96
811	810.9	33.88	9.36	97	5	1531	700	95	96
812	811.9	30.5	11.92	97	6	1530	701	95	96
813	812.9	39.52	11.22	96	6	1535	702	95	96
814	813.9	26.2	13.09	96	6	1529	700	95	96
815	814.9	23.51	13.3	90	6	1536	685	95	97
816	815.9	24	11.11	90	6	1539	685	95	97
817	816.9	30.3	14.46	90	6	1554	685	95	97
818	817.9	29.55	12.47	90	6	1546	685	95	97
819	818.9	23.25	10.59	90	5	1543	685	95	97
820	819.9	22.27	11.98	90	5	1553	685	95	97
821	820.9	26.79	11.31	90	5	1556	686	96	97
822	821.9	17.49	12.14	90	5	1559	687	96	97
823	822.9	19.5	13.06	90	5	1571	687	96	97
824	823.9	20.68	11.28	90	5	1576	687	96	97
825	824.9	24.08	12.76	90	5	1573	687	96	97
826	825.9	18.44	15.09	90	5	1574	687	96	97
827	826.9	25.56	9.87	90	5	1574	687	96	97
828	827.9	23.31	14.23	90	6	1577	690	96	97
829	828.9	31.31	14.07	91	6	1576	690	96	98
830	829.9	25.5	13.04	92	6	1571	690	96	98
831	830.9	24.17	14.28	97	6	1578	690	96	98
832	831.9	28.64	17.47	97	6	1578	690	96	98
833	832.9	22.75	13.37	97	6	1576	690	96	98
834	833.9	31.42	14.25	98	6	1590	690	96	98
835	834.9	30.37	13.45	98	6	1580	690	96	98
836	835.9	32.52	15.72	97	6	1582	690	97	98
837	836.9	40.14	15.53	96	7	1600	690	97	98
838	837.9	28.26	13.62	96	7	1593	690	97	98
839	838.9	25	16.77	97	6	1592	690	97	98
840	839.9	29.5	14.84	96	6	1598	690	97	98
841	840.9	21.92	14.2	97	6	1597	690	97	98
842	841.9	20.23	14.08	96	6	1594	690	97	98
843	842.9	51.3	10.31	97	6	1646	691	97	98
844	843.9	74.91	12.25	97	6	1653	694	97	98
845	844.9	50.46	7.08	96	6	1676	699	97	98
846	845.9	83.54	6.89	94	6	1653	699	97	98
847	846.9	69.05	10.15	94	6	1660	699	97	98
848	847.9	18.66	9.24	94	5	1656	699	97	98
849	848.9	56.47	6.79	85	5	1487	629	97	98
850	849.9	59.38	8.3	75	4	1328	559	97	99
851	850.9	24.74	9.2	94	6	1668	699	97	99
852	851.9	80.6	11.51	94	6	1654	699	97	99
853	852.9	12.39	5.91	47	3	836	349	98	99
854	853.9	12.3	12.75	75	4	1332	559	98	99
855	854.9	14.1	6.33	85	4	1487	629	98	99
856	855.9	20.87	7.45	94	5	1658	699	98	99
857	856.9	28.39	3.75	94	5	1642	699	98	99
858	857.9	23.18	6.95	94	5	1643	699	98	99
859	858.9	24.87	1.42	94	5	1643	699	98	99
860	859.9	32.91	3.5	93	5	1639	699	98	99
861	860.9	17.19	3.62	76	3	1310	559	98	99
862	861.9	20.67	2.16	66	3	1148	489	98	99
863	862.9	31.63	7.25	95	5	1626	699	98	99
864	863.9	24	9.29	94	5	1648	699	98	99
865	864.9	24.64	10.67	94	6	1638	699	98	99
866	865.9	42.85	8.31	93	6	1632	699	98	99
867	866.9	58.73	8.57	92	7	1644	699	98	99
868	867.9	32.01	5.03	37	2	668	279	98	99
869	868.9	27.6	10.38	75	5	1309	559	98	99
870	869.9	25.45	7.3	91	6	1658	697	98	99
871	870.9	63.84	0.87	91	5	1647	690	98	99
872	871.9	63.65	10.7	95	8	1666	690	98	99
873	872.9	43.88	16.11	95	8	1654	690	98	99
874	873.9	62.31	14.45	96	8	1639	690	98	99
875	874.9	35.61	16.53	97	8	1657	690	99	99
876	875.9	39.87	18.2	96	8	1651	690	99	99
877	876.9	38.63	20.56	96	9	1641	690	99	99
878	877.9	70.69	16.86	98	8	1645	690	99	99
879	878.9	43.65	18.46	98	8	1643	690	99	99
880	879.9	37.92	17.31	97	8	1635	690	99	99
881	880.9	56.56	17.66	98	9	1637	690	99	99
882	881.9	72.99	20.18	98	10	1645	690	99	99
883	882.9	57.79	14.88	98	9	1631	690	99	99
884	883.9	30.83	9.73	98	7	1640	690	99	99
885	884.9	39.82	10.46	98	8	1649	690	99	99
886	885.9	48.39	11.78	98	9	1643	690	99	100
887	886.9	47.86	12.35	98	10	1639	690	99	100
888	887.9	38.43	10.58	98	10	1646	690	99	100
889	888.9	46.73	13.28	98	10	1638	690	99	100
890	889.9	39.26	10.23	98	10	1647	690	99	100
891	890.9	39.1	13.43	98	10	1639	690	99	100
892	891.9	31.74	14.11	98	10	1641	690	99	100
893	892.9	44.83	13.51	98	10	1643	690	99	100
894	893.9	24.46	11.18	98	8	1656	690	99	100
895	894.9	59.34	9.95	98	10	1677	692	99	100
896	895.9	67.43	9.25	98	8	1672	692	99	100
897	896.9	63.59	11.93	98	7	1675	692	99	100
898	897.9	41.07	8.78	68	4	1173	484	99	101
899	898.9	21.3	5.82	10	1	219	68	99	101
900	899.9	18.91	16.9	99	9	1598	688	99	101
901	900.9	48.96	17.71	99	7	1591	688	100	101
902	901.9	64.84	18.82	98	7	1561	687	100	101
903	902.9	76.1	20.94	98	8	1554	688	100	101
904	903.9	52.61	21.69	97	14	1526	688	100	101
905	904.9	41.33	15.79	98	12	1356	689	100	101
906	905.9	60.11	17.41	98	9	1528	688	100	101
907	906.9	45.09	19.79	98	8	1602	689	100	101
908	907.9	41.98	17.73	98	8	1701	701	100	101
909	908.9	60.22	18.02	98	11	1695	701	100	101
910	909.9	46.98	18.63	98	11	1708	701	101	101
911	910.9	51.6	20.85	98	7	1706	701	101	101
912	911.9	46.3	20.06	98	7	1703	701	101	101
913	912.9	28.45	19.93	98	11	1708	701	101	102
914	913.9	30.85	17.64	98	8	1700	701	101	102
915	914.9	37	18.82	98	8	1708	701	101	102
916	915.9	36.22	21.46	98	7	1705	701	101	102
917	916.9	53.98	19.84	98	8	1710	701	101	102
918	917.9	49.23	19.62	98	9	1701	701	101	102
919	918.9	49.65	20.3	98	12	1698	700	101	102
920	919.9	48.8	17.74	98	12	1705	701	101	102
921	920.9	43.93	21.24	98	10	1709	702	101	102
922	921.9	45.82	18.93	98	10	1705	701	101	102
923	922.9	39.07	19.08	98	12	1709	702	101	102
924	923.9	50.54	19.54	98	10	1701	701	101	102
925	924.9	33.32	19.36	98	12	1701	702	101	102
926	925.9	30.34	20.51	98	12	1710	701	101	102
927	926.9	30.03	15.74	98	13	1707	701	101	102
928	927.9	91.62	12.7	99	7	1678	701	101	102
929	928.9	78.69	15.6	99	7	1630	708	101	102
930	929.9	60.56	16.23	99	10	1641	709	101	102
931	930.9	53.56	14.37	98	11	1631	709	101	102
932	931.9	68.26	15.32	98	9	1630	709	101	102
933	932.9	49.92	19.94	98	9	1636	709	101	103
934	933.9	44.18	15.73	98	11	1635	709	101	103
935	934.9	31.35	17.04	98	7	1634	709	101	103
936	935.9	38.3	14.7	98	8	1633	709	101	103
937	936.9	31.18	13.97	98	7	1635	709	101	103
938	937.9	41.2	19.5	98	12	1633	709	101	103
939	938.9	22.93	13.49	98	9	1645	709	101	103
940	939.9	30.79	11.96	98	10	1641	709	101	103
941	940.9	20.99	12.34	98	10	1643	709	101	103
942	941.9	26.43	13.17	98	10	1640	709	102	103
943	942.9	32.81	18.93	98	9	1647	709	102	103
944	943.9	25.28	14.95	98	10	1647	709	102	103
945	944.9	40.77	15.04	97	10	1655	709	102	103
946	945.9	36.38	14.32	98	10	1635	709	102	103
947	946.9	29.39	15.19	97	11	1652	709	102	103
948	947.9	25.66	16.08	97	12	1643	709	102	103
949	948.9	21.47	14.35	97	10	1635	709	102	103
950	949.9	32.39	15.77	98	8	1650	709	102	103
951	950.9	30.88	14.35	98	8	1646	709	102	103
952	951.9	33.37	15.34	98	10	1654	709	102	103
953	952.9	34.4	14.34	97	10	1655	709	102	103
954	953.9	32.52	14.66	98	7	1648	709	102	103
955	954.9	79.94	13.46	98	6	1635	709	102	103
956	955.9	32.44	10.26	99	6	1623	709	102	103
957	956.9	80.79	3.56	99	3	1590	704	102	103
958	957.9	115.64	4.77	99	6	1595	702	102	104
959	958.9	140.38	11.42	99	7	1602	702	102	104
960	959.9	56.27	13.24	99	7	1597	702	102	104
961	960.9	26.89	9.79	99	8	1602	702	102	104
962	961.9	27.02	11.61	99	8	1605	702	102	104
963	962.9	43.58	11.46	96	14	1605	702	102	104
964	963.9	50.6	11.44	99	8	1610	702	102	104
965	964.9	29.87	8.58	98	9	1594	702	102	104
966	965.9	19.24	8.76	97	11	1606	702	102	104
967	966.9	19.45	13.77	98	10	1579	702	102	104
968	967.9	22.61	10.58	98	10	1585	702	102	104
969	968.9	24.7	8.98	99	8	1586	702	102	104
970	969.9	23.74	6.21	99	7	1593	702	102	104
971	970.9	20.36	9.76	99	7	1578	700	102	104
972	971.9	24.34	14.88	100	7	1583	699	102	104
973	972.9	39.52	14.26	99	5	1568	699	102	104
974	973.9	27.48	15.81	99	9	1585	699	102	104
975	974.9	37.5	17.52	99	9	1587	699	102	104
976	975.9	15.76	15.12	99	9	1589	699	102	104
977	976.9	37.66	15.67	99	10	1576	699	102	104
978	977.9	43.89	14.4	99	10	1581	699	102	104
979	978.9	43.06	14.62	89	8	1436	630	103	104
980	979.9	21.79	17.21	99	9	1581	699	103	104
981	980.9	26.59	16.94	99	9	1584	699	103	104
982	981.9	24.9	13.68	99	7	1581	699	103	104
983	982.9	25.43	13.56	99	7	1581	699	103	104
984	983.9	44.81	12.4	99	8	1575	700	103	104
985	984.9	26.61	13.14	99	8	1582	700	103	104
986	985.9	27.14	12.85	99	8	1546	693	103	104
987	986.9	32.56	16.23	100	9	1464	692	103	104
988	987.9	41.51	17.51	100	9	1421	692	103	104
989	988.9	37.78	15.49	100	7	1541	691	103	104
990	989.9	38.21	17.75	100	8	1526	692	103	105
991	990.9	40.25	15.7	100	8	1557	692	103	105
992	991.9	32.97	18.51	100	7	1547	692	103	105
993	992.9	37.98	19.33	100	8	1553	691	103	105
994	993.9	34.85	17.65	100	7	1553	692	103	105
995	994.9	30.15	9.87	100	6	1555	691	103	105
996	995.9	48.95	15.31	100	6	1560	692	103	105
997	996.9	47.87	18.12	100	7	1533	692	103	105
998	997.9	30.33	16.19	99	7	1558	692	103	105
999	998.9	17.55	9.45	99	6	1552	691	103	105
1000	999.9	16.81	12.81	99	6	1558	691	103	105
1001	1000.9	16.66	14.51	99	6	1554	692	103	105
1002	1001.9	30.04	7.97	89	6	1553	692	103	105
1003	1002.9	25.52	6.38	89	5	1550	691	103	105
1004	1003.9	28.69	5.69	89	5	1550	691	103	105
1005	1004.9	30.04	7.85	89	6	1562	690	103	105
1006	1005.9	42.3	9.87	99	6	1568	692	104	105
1007	1006.9	106.68	12.46	100	6	1587	692	104	105
1008	1007.9	82.92	18.81	99	7	1595	692	104	105
1009	1008.9	62.16	18.58	89	6	1412	629	104	105
1010	1009.9	42.87	18.79	99	7	1571	700	104	105
1011	1010.9	30.89	16.31	99	6	1561	700	104	105
1012	1011.9	30.55	14.02	99	6	1593	700	104	105
1013	1012.9	59.22	14	99	6	1554	699	104	105
1014	1013.9	57.95	13.78	99	6	1554	699	104	105
1015	1014.9	50.32	13.08	99	6	1553	699	104	105
1016	1015.9	73.48	10.28	99	6	1577	700	104	105
1017	1016.9	73.73	8.84	100	8	1603	702	104	105
1018	1017.9	68.72	7.71	89	10	1457	631	104	105
1019	1018.9	53.86	7.24	99	12	1606	703	104	105
1020	1019.9	84.6	6.27	99	11	1610	703	104	105
1021	1020.9	75.96	10.81	99	12	1609	702	104	105
1022	1021.9	60.87	6.91	99	11	1623	702	104	105
1023	1022.9	63.8	11.63	99	11	1609	702	104	105
1024	1023.9	61.06	9.59	99	6	1602	702	104	105
1025	1024.9	53.06	10.64	98	6	1639	702	104	105
1026	1025.9	37.69	10.11	98	6	1641	702	104	105
1027	1026.9	52.29	10.46	98	6	1639	702	104	105
1028	1027.9	47.56	12.61	98	8	1644	702	104	105
1029	1028.9	61.52	13.86	98	8	1648	702	104	105
1030	1029.9	108.63	15.17	98	8	1629	702	104	105
1031	1030.9	66.98	13.67	98	7	1634	702	104	106
1032	1031.9	50.65	10.43	98	7	1663	702	104	106
1033	1032.9	86.19	7.96	88	7	1484	632	104	106
1034	1033.9	95.86	12.19	98	9	1651	702	104	106
1035	1034.9	68.07	13.04	98	7	1645	702	104	106
1036	1035.9	69.88	16.03	98	8	1642	702	104	106
1037	1036.9	46.18	15.57	98	8	1642	702	104	106
1038	1037.9	36.39	15.13	98	7	1667	702	104	106
1039	1038.9	27.93	9.91	98	7	1659	702	104	106
1040	1039.9	75.45	11.51	98	8	1669	702	104	106
1041	1040.9	90.44	12.07	98	8	1657	702	104	106
1042	1041.9	68.47	15.3	98	8	1654	702	104	106
1043	1042.9	110.73	11.42	100	6	1674	704	104	106
1044	1043.9	120.23	16.65	100	7	1657	704	104	106
1045	1044.9	81.14	16.8	99	8	1661	704	104	106
1046	1045.9	54.08	12.55	99	7	1671	704	104	106
1047	1046.9	60.18	14.66	99	8	1674	704	104	106
1048	1047.9	60.1	11.33	99	9	1667	704	105	106
1049	1048.9	57.45	10.62	99	10	1636	704	105	106
1050	1049.9	64.9	9.72	99	9	1654	698	105	106
1051	1050.9	116.66	11.33	90	9	1445	622	105	106
1052	1051.9	131.88	15.47	89	12	1458	621	105	106
1053	1052.9	38.98	14.1	98	11	1647	692	105	106
1054	1053.9	59.62	13.69	98	11	1670	692	105	106
1055	1054.9	82.75	13.47	96	14	1688	696	105	106
1056	1055.9	68.7	11.79	97	13	1669	698	105	106
1057	1056.9	64.94	13.97	97	11	1697	699	105	106
1058	1057.9	56.17	11.42	97	11	1683	699	105	106
1059	1058.9	55.91	13.95	97	12	1678	699	105	106
1060	1059.9	30.28	13	98	8	1690	699	105	106
1061	1060.9	30.97	13.92	98	8	1688	699	105	106
1062	1061.9	31.03	14	98	7	1681	699	105	107
1063	1062.9	46.32	15.47	98	7	1697	699	105	107
1064	1063.9	24.84	13.34	98	7	1694	699	105	107
1065	1064.9	22.63	14.31	98	7	1686	699	105	107
1066	1065.9	22.12	13.05	98	6	1698	699	105	107
1067	1066.9	19.64	15.11	98	7	1697	699	105	107
1068	1067.9	18.16	14.58	98	6	1709	699	105	107
1069	1068.9	24.63	13.51	98	6	1704	699	105	107
1070	1069.9	20.19	12.63	98	7	1711	699	105	107
1071	1070.9	19.83	14.57	98	7	1702	697	105	107
1072	1071.9	54.22	13.76	100	7	1687	692	105	107
1073	1072.9	21.04	15.67	98	7	1701	692	105	107
1074	1073.9	20.79	15.98	98	7	1705	692	106	107
1075	1074.9	32.57	17.81	98	8	1710	692	106	107
1076	1075.9	22.82	15.26	98	7	1711	692	106	107
1077	1076.9	30.36	16.95	98	7	1714	692	106	107
1078	1077.9	21.75	16.75	98	7	1710	692	106	107
1079	1078.9	27.05	20.04	98	8	1716	692	106	107
1080	1079.9	16.69	15.69	98	7	1714	692	106	107
1081	1080.9	36.12	12.75	98	7	1732	692	106	107
1082	1081.9	27.45	13.75	98	7	1717	692	106	107
1083	1082.9	28.63	13.25	98	7	1718	692	106	107
1084	1083.9	30.37	13.81	98	7	1720	692	106	107
1085	1084.9	25.46	18.48	98	7	1726	692	106	107
1086	1085.9	21.47	16.12	98	7	1744	692	106	107
1087	1086.9	27.23	15.67	98	6	1737	692	106	107
1088	1087.9	23.01	16.71	98	7	1731	692	106	107
1089	1088.9	23.72	18.18	98	7	1724	692	106	107
1090	1089.9	21.05	17.33	98	7	1712	692	106	107
1091	1090.9	16.56	14.6	98	7	1706	692	106	107
1092	1091.9	14.87	15.99	98	7	1707	692	106	107
1093	1092.9	18.85	14.36	98	7	1707	692	106	107
1094	1093.9	17.64	14.18	98	7	1708	692	106	107
1095	1094.9	19.2	16.14	98	7	1720	692	106	107
1096	1095.9	16.49	14.95	98	6	1706	692	106	107
1097	1096.9	22.03	17.37	98	7	1711	692	106	107
1098	1097.9	22.99	18.66	98	7	1734	692	106	107
1099	1098.9	28.45	18.57	98	7	1747	692	106	107
1100	1099.9	16.87	16.51	98	7	1714	692	106	107
1101	1100.9	28.48	17.7	98	7	1722	693	99	100
1102	1101.9	35.2	14.85	49	4	877	350	99	100
1103	1102.9	150.1	1.68	69	5	1424	600	99	100
1104	1103.9	95.72	5.93	18	1	419	192	99	100
1105	1104.9	95.72	5.61	18	1	426	192	99	100
1106	1105.9	127.63	7.03	24	2	586	256	99	100
1107	1106.9	95.72	6.07	18	1	433	192	99	100
1108	1107.9	127.63	6.53	24	1	572	256	99	100
1109	1108.9	127.63	2.34	24	2	574	256	99	100
1110	1109.9	159.53	1.35	30	2	723	321	99	100
1111	1110.9	68.24	8.45	61	4	1106	459	99	100
1112	1111.9	20.95	19.17	99	6	1640	677	99	100
1113	1112.9	20.08	20.62	99	6	1630	681	99	100
1114	1113.9	18.86	18.32	99	7	1619	680	99	100
1115	1114.9	21.28	21.93	99	7	1595	679	99	100
1116	1115.9	13.11	19.11	99	7	1562	679	99	100
1117	1116.9	22.81	19.73	99	7	1570	679	99	100
1118	1117.9	21.15	18.95	99	7	1603	679	99	100
1119	1118.9	12.79	17.16	99	6	1620	680	99	100
1120	1119.9	21.66	20.68	99	7	1636	680	99	100
1121	1120.9	27.31	18.57	99	7	1650	678	99	100
1122	1121.9	15.91	19.09	99	6	1653	678	99	100
1123	1122.9	21.91	19.71	99	7	1670	678	99	100
1124	1123.9	29.35	17.84	99	7	1661	679	99	100
1125	1124.9	26.26	20.81	99	7	1673	679	99	100
1126	1125.9	30.58	20.27	99	6	1678	679	99	100
1127	1126.9	30.13	23.32	99	7	1682	678	99	100
1128	1127.9	16.51	21.04	99	8	1677	679	99	100
1129	1128.9	42.48	24.48	100	7	1660	671	99	100
1130	1129.9	36.17	23.74	101	7	1642	670	99	100
1131	1130.9	42.77	26.48	101	8	1650	670	99	100
1132	1131.9	32.34	29.13	100	8	1627	670	99	100
1133	1132.9	17.92	26.91	100	8	1649	670	99	100
1134	1133.9	22.71	25.69	100	8	1670	670	99	100
1135	1134.9	47.55	26.17	100	8	1681	670	99	100
1136	1135.9	21.17	22.83	100	7	1657	670	99	100
1137	1136.9	33.29	22.65	100	7	1615	672	99	100
1138	1137.9	27.04	26.6	100	8	1613	673	99	100
1139	1138.9	34.95	24.04	100	7	1589	673	99	100
1140	1139.9	36.06	23.56	100	8	1603	673	99	100
1141	1140.9	47.71	27.15	100	8	1624	673	99	100
1142	1141.9	25.91	25.64	100	8	1625	673	99	100
1143	1142.9	24.93	25.19	100	8	1657	673	99	100
1144	1143.9	28.93	26.7	100	9	1673	673	99	100
1145	1144.9	27.58	27.23	100	9	1691	673	99	100
1146	1145.9	29.14	26.26	100	8	1693	673	99	100
1147	1146.9	31.52	23.26	100	8	1696	673	99	100
1148	1147.9	49.46	21.46	100	8	1697	673	99	100
1149	1148.9	43.71	23.92	100	8	1713	673	99	100
1150	1149.9	44.82	24.34	100	8	1713	673	99	100
1151	1150.9	35.12	22.19	100	7	1698	673	99	100
1152	1151.9	47.73	23.9	100	8	1731	670	99	100
1153	1152.9	48.78	23.82	100	9	1708	672	99	100
1154	1153.9	41.92	22.76	100	9	1719	672	99	100
1155	1154.9	32.27	25.39	100	9	1720	671	99	100
1156	1155.9	32.31	24.15	100	8	1731	673	99	100
1157	1156.9	34.67	25.52	100	8	1718	673	99	100
1158	1157.9	23.93	15.41	100	7	1732	673	99	100
1159	1158.9	94.97	16.59	102	6	1754	673	99	101
1160	1159.9	60.37	21.7	101	7	1742	673	99	101
1161	1160.9	41.54	23.08	80	6	1368	538	99	101
1162	1161.9	51.29	29.81	100	8	1712	673	99	101
1163	1162.9	63.65	32.29	100	8	1732	673	99	101
1164	1163.9	57.25	34.12	100	9	1727	673	100	101
1165	1164.9	33.74	32.11	100	8	1730	673	100	101
1166	1165.9	45.45	32.32	100	8	1706	673	100	101
1167	1166.9	44.91	30.84	90	7	1537	605	100	101
1168	1167.9	71.79	31.82	100	8	1717	673	100	101
1169	1168.9	33.03	29.65	100	9	1676	673	100	101
1170	1169.9	43.93	32.5	100	10	1687	673	100	101
1171	1170.9	48	29.68	100	9	1693	673	100	101
1172	1171.9	64.86	32.65	100	10	1707	673	100	101
1173	1172.9	32.99	36.4	100	9	1694	675	100	101
1174	1173.9	25.26	33.04	100	8	1679	677	100	101
1175	1174.9	32.5	33.87	100	8	1701	678	100	101
1176	1175.9	33.34	34.15	100	7	1705	678	100	101
1177	1176.9	41.8	31.68	100	8	1692	678	100	101
1178	1177.9	30.94	34.18	100	8	1709	678	100	101
1179	1178.9	32.22	32.52	100	7	1749	678	100	101
1180	1179.9	30.21	21.73	100	7	1756	678	100	101
1181	1180.9	43.46	23.92	100	7	1752	678	100	101
1182	1181.9	45.5	25.75	100	8	1766	678	101	101
1183	1182.9	53.69	27.13	100	8	1761	678	101	101
1184	1183.9	43.59	24.82	100	8	1785	678	101	101
1185	1184.9	33.28	25.57	100	8	1759	678	101	101
1186	1185.9	44.35	29.17	100	8	1743	678	101	101
1187	1186.9	32.97	25	90	7	1613	610	101	101
1188	1187.9	83.7	30.45	30	3	531	203	101	101
1189	1188.9	37.76	29.1	101	10	1713	690	101	101
1190	1189.9	43.81	21.67	100	11	1793	690	101	101
1191	1190.9	47.4	21.76	100	12	1875	690	101	101
1192	1191.9	32.49	25.15	100	14	1862	690	101	101
1193	1192.9	25.34	21.12	100	11	1899	690	101	101
1194	1193.9	29.01	20.12	100	12	1848	690	101	101
1195	1194.9	40.33	24.46	100	12	1859	690	101	101
1196	1195.9	26.94	22.91	100	13	1822	690	101	101
1197	1196.9	32.18	21.87	100	11	1827	690	101	101
1198	1197.9	32.5	22.54	100	14	1828	690	101	101
1199	1198.9	38.02	20.82	99	15	1835	690	101	101
1200	1199.9	37.39	14.31	99	13	1843	690	101	101
1201	1200.9	83.59	20.59	100	10	1797	690	101	101
1202	1201.9	41.51	20.94	100	12	1805	690	101	101
1203	1202.9	42.6	21.64	100	13	1849	690	101	101
1204	1203.9	57.96	22.12	100	12	1805	690	101	101
1205	1204.9	68.21	19.1	100	12	1817	690	101	101
1206	1205.9	60.35	18.42	100	12	1834	690	101	101
1207	1206.9	65.65	19.97	100	12	1811	690	101	101
1208	1207.9	56.37	18.17	100	10	1816	690	101	101
1209	1208.9	56.95	18.82	100	11	1820	690	101	101
1210	1209.9	54.2	20.88	100	12	1814	690	101	101
1211	1210.9	48.5	18.82	100	12	1827	690	101	101
1212	1211.9	29.41	20.36	100	11	1842	690	101	101
1213	1212.9	38.56	19.86	100	11	1830	690	101	101
1214	1213.9	40.63	21.15	100	12	1836	690	101	101
1215	1214.9	29.65	16.12	100	12	1831	690	101	101
1216	1215.9	25.02	17.36	100	11	1828	686	101	101
1217	1216.9	25.34	12.3	100	11	1772	673	101	101
1218	1217.9	40	14.73	100	12	1768	674	101	101
1219	1218.9	31.46	16.4	100	13	1807	683	101	101
1220	1219.9	36.17	17.4	100	13	1792	683	101	101
1221	1220.9	28.38	17.13	100	12	1791	683	101	101
1222	1221.9	22.34	15.4	100	12	1783	684	101	101
1223	1222.9	16.24	13.7	100	11	1842	692	101	101
1224	1223.9	25.64	17.63	100	12	1825	691	101	101
1225	1224.9	22.06	15.73	100	13	1818	691	101	101
1226	1225.9	21.5	13.44	100	12	1827	691	101	101
1227	1226.9	65.61	20.75	100	11	1808	691	101	101
1228	1227.9	47.87	16.06	100	13	1837	692	101	101
1229	1228.9	47.56	18.17	100	13	1851	691	101	101
1230	1229.9	49.2	19.84	100	13	1835	692	101	101
1231	1230.9	52.07	19.53	100	12	1840	691	101	102
1232	1231.9	28.4	16.94	100	12	1821	691	101	102
1233	1232.9	21.43	14.55	100	12	1827	692	101	102
1234	1233.9	58.73	14.45	100	13	1813	692	101	102
1235	1234.9	42.92	17.13	100	13	1808	691	101	102
1236	1235.9	46.75	11.17	99	13	1836	691	101	102
1237	1236.9	51.66	11.12	100	13	1859	692	101	102
1238	1237.9	57.86	8.05	100	11	1862	692	101	102
1239	1238.9	37.51	12.19	100	10	1855	691	101	102
1240	1239.9	24.68	15.41	100	11	1825	692	101	102
1241	1240.9	18	12.76	100	10	1824	692	101	102
1242	1241.9	32.03	14.57	100	12	1789	697	101	102
1243	1242.9	32.66	17.34	100	13	1766	693	101	102
1244	1243.9	24.87	21.16	100	11	1736	691	101	102
1245	1244.9	22.32	16.61	100	13	1727	692	101	102
1246	1245.9	33.07	11.35	101	12	1759	691	101	102
1247	1246.9	22.12	14.75	100	11	1758	691	101	102
1248	1247.9	18.67	12.09	100	12	1768	691	101	102
1249	1248.9	17.69	16.45	100	8	1737	691	101	102
1250	1249.9	24.05	13.91	100	11	1736	691	101	102
1251	1250.9	25.82	16.14	100	15	1743	691	101	102
1252	1251.9	26.66	16.74	100	15	1769	691	101	102
1253	1252.9	18.94	15.52	100	12	1767	692	101	102
1254	1253.9	14.45	17.28	100	10	1757	691	101	102
1255	1254.9	15.48	10.13	99	14	1769	691	101	102
1256	1255.9	21.64	12.76	100	9	1774	691	101	102
1257	1256.9	20.25	15.05	100	12	1769	691	101	102
1258	1257.9	24.83	14.04	100	12	1795	691	101	102
1259	1258.9	21.46	14.78	100	14	1782	690	101	102
1260	1259.9	24.62	11.7	99	14	1784	691	101	102
1261	1260.9	26.18	16.79	100	12	1785	692	101	102
1262	1261.9	41.86	15.56	100	14	1763	691	101	102
1263	1262.9	69.61	17.44	99	15	1742	691	101	102
1264	1263.9	63.9	12.68	100	8	1755	692	101	102
1265	1264.9	89.29	10.65	101	6	1787	696	101	102
1266	1265.9	108.61	5.8	101	5	1793	700	101	102
1267	1266.9	85.9	16.27	101	8	1788	701	101	102
1268	1267.9	33.33	13.94	100	9	1779	701	101	102
1269	1268.9	22.63	16.32	100	11	1794	701	101	102
1270	1269.9	22.12	15.92	100	12	1794	701	101	102
1271	1270.9	22.48	15.65	100	8	1786	701	101	102
1272	1271.9	27.15	16.98	100	8	1766	701	101	102
1273	1272.9	32.37	19.79	100	10	1804	701	101	103
1274	1273.9	22.47	21.38	100	9	1752	695	101	103
1275	1274.9	24.74	21.3	100	8	1759	691	101	103
1276	1275.9	14.55	18.89	100	8	1755	690	101	103
1277	1276.9	19.11	18.41	100	10	1761	690	101	103
1278	1277.9	17.32	22.44	99	10	1758	689	101	103
1279	1278.9	21.76	22.07	99	11	1754	690	101	103
1280	1279.9	21.57	21.43	99	11	1750	690	101	103
1281	1280.9	18.57	22.04	99	10	1752	690	101	103
1282	1281.9	16.84	16.2	99	11	1744	690	101	103
1283	1282.9	28.23	17.39	100	11	1747	690	101	103
1284	1283.9	20.49	17.25	100	11	1745	690	101	103
1285	1284.9	28.66	15.51	100	10	1733	691	101	103
1286	1285.9	36.55	13.64	100	11	1738	690	101	103
1287	1286.9	34.37	11.82	100	10	1750	691	101	103
1288	1287.9	42.86	9.95	100	8	1719	691	101	103
1289	1288.9	35.7	8.02	100	9	1744	692	101	103
1290	1289.9	42.31	9.45	100	10	1737	692	101	103
1291	1290.9	51.53	13.46	99	9	1742	692	101	103
1292	1291.9	29.48	14.97	100	8	1746	692	101	103
1293	1292.9	34.8	14.78	100	11	1735	692	101	103
1294	1293.9	30.73	15.05	100	12	1731	691	101	103
1295	1294.9	26.92	17.15	100	13	1737	692	101	103
1296	1295.9	26.07	17.98	99	12	1720	692	101	103
1297	1296.9	28.27	16.25	98	12	1697	686	101	103
1298	1297.9	34.1	18.68	100	12	1694	683	101	103
1299	1298.9	25	12.48	99	9	1697	683	101	103
1300	1299.9	34.61	15.2	99	8	1704	683	101	103
1301	1300.9	35.09	14.26	98	10	1694	683	101	103
1302	1301.9	21.31	14.98	99	9	1742	698	101	103
1303	1302.9	33.71	11.21	97	12	1788	709	101	103
1304	1303.9	76.77	13.35	102	11	1774	695	101	103
1305	1304.9	87.29	18.85	102	14	1742	690	101	103
1306	1305.9	49.47	18.5	100	15	1749	690	101	104
1307	1306.9	52.69	17.92	100	12	1752	691	101	104
1308	1307.9	49.8	19.47	100	13	1753	690	101	104
1309	1308.9	40.27	18.41	99	12	1755	691	101	104
1310	1309.9	46.66	21.03	99	14	1758	691	101	104
1311	1310.9	36.4	22.11	99	12	1760	691	101	104
1312	1311.9	34.87	21.24	99	11	1741	690	101	104
1313	1312.9	28.63	18.92	99	12	1757	690	101	104
1314	1313.9	34.93	22.67	99	13	1755	691	101	104
1315	1314.9	29.98	23.93	99	11	1738	691	101	104
1316	1315.9	18.95	23.51	99	10	1756	691	101	104
1317	1316.9	6.83	19.1	99	9	1758	690	101	104
1318	1317.9	14.17	17.74	98	7	1743	691	101	104
1319	1318.9	19.88	20.48	98	8	1732	691	101	104
1320	1319.9	19.48	24.18	98	7	1724	691	101	104
1321	1320.9	25.07	23.89	99	8	1733	691	101	104
1322	1321.9	13.42	22.8	99	8	1722	691	101	104
1323	1322.9	13.25	24.96	99	7	1689	691	101	105
1324	1323.9	13.36	20.16	99	7	1677	691	101	105
1325	1324.9	14.75	22.47	99	8	1727	690	101	105
1326	1325.9	18.56	23.88	99	8	1721	687	101	105
1327	1326.9	17.97	22.6	99	7	1718	683	101	105
1328	1327.9	20.3	20.87	99	7	1726	683	101	105
1329	1328.9	14.71	24.51	99	8	1747	692	101	105
1330	1329.9	16.09	24.7	99	9	1777	700	101	105
1331	1330.9	28.06	23.17	76	9	1665	659	101	105
1332	1331.9	83.4	16.74	99	10	1739	673	101	105
1333	1332.9	28.46	17.13	100	12	1745	673	101	105
1334	1333.9	50.29	21.41	99	11	1763	673	101	105
1335	1334.9	27.63	22.84	99	11	1755	673	101	105
1336	1335.9	30.6	20.3	99	13	1747	673	102	105
1337	1336.9	46.77	20.76	99	11	1739	673	102	105
1338	1337.9	23.02	21.76	99	9	1676	673	102	105
1339	1338.9	21.5	24.53	99	11	1676	673	102	105
1340	1339.9	23.8	26.6	99	10	1725	673	102	105
1341	1340.9	25.29	26.22	99	11	1725	673	102	105
1342	1341.9	24.32	24.28	99	13	1725	675	102	105
1343	1342.9	36.65	17.9	99	11	1735	674	102	105
1344	1343.9	63.34	9.52	99	7	1746	673	102	105
1345	1344.9	60.15	11.79	99	8	1714	673	102	105
1346	1345.9	41.03	12	99	8	1731	673	102	105
1347	1346.9	86.41	12.88	89	6	1557	605	102	105
1348	1347.9	46.87	19.09	99	7	1726	672	102	105
1349	1348.9	57.87	20.08	99	7	1736	672	102	105
1350	1349.9	53.31	23.62	99	8	1751	672	102	105
1351	1350.9	40.66	15.37	99	9	1746	673	102	105
1352	1351.9	66.22	13.56	99	8	1744	672	102	105
1353	1352.9	43.65	17.03	99	9	1739	673	102	105
1354	1353.9	71.62	17.88	99	11	1758	673	102	105
1355	1354.9	23.96	14.59	99	8	1755	673	102	105
1356	1355.9	26.63	13.06	99	9	1749	672	102	106
1357	1356.9	53.96	13.21	99	9	1756	676	102	106
1358	1357.9	66.73	20.05	100	9	1790	691	102	106
1359	1358.9	63.61	24.58	99	10	1787	691	102	106
1360	1359.9	29.71	25.28	99	10	1655	691	102	106
1361	1360.9	50.5	26.12	99	10	1776	691	102	106
1362	1361.9	22.74	27.48	99	10	1781	691	102	106
1363	1362.9	30.82	29.67	99	11	1785	691	102	106
1364	1363.9	30.74	28.34	99	8	1780	691	102	106
1365	1364.9	26.77	27.58	99	9	1777	691	102	106
1366	1365.9	16.97	26.26	99	10	1773	692	102	106
1367	1366.9	19.58	25.67	99	8	1788	691	102	106
1368	1367.9	25.78	26.58	99	8	1605	649	102	106
1369	1368.9	20.38	28.19	99	9	1554	638	102	106
1370	1369.9	20.05	28.26	99	9	1633	661	102	106
1371	1370.9	19.91	29.23	99	9	1636	661	102	106
1372	1371.9	22.08	27.92	99	8	1774	685	102	106
1373	1372.9	13.39	25.61	99	8	1811	692	102	106
1374	1373.9	18.05	29.05	99	8	1810	692	102	106
1375	1374.9	20.26	28.88	99	7	1807	693	102	106
1376	1375.9	20.41	31.15	99	10	1802	695	102	106
1377	1376.9	14.62	29.15	99	7	1820	696	102	106
1378	1377.9	22.28	29.23	99	8	1828	691	102	106
1379	1378.9	16.11	29.87	99	8	1818	691	102	106
1380	1379.9	21.66	29.95	99	8	1650	651	102	106
1381	1380.9	18.18	28.59	99	8	1429	603	102	106
1382	1381.9	21.99	27.47	99	8	1422	603	102	106
1383	1382.9	17.51	29.7	99	8	1409	603	102	106
1384	1383.9	17.8	31.41	99	8	1430	611	102	106
1385	1384.9	16.43	30.29	99	8	1763	691	102	106
1386	1385.9	16.05	29.06	99	7	1768	691	102	106
1387	1386.9	56.84	27.64	99	7	1733	690	102	106
1388	1387.9	10.77	22.62	100	6	1724	689	102	106
1389	1388.9	18.68	29.41	100	7	1740	690	102	106
1390	1389.9	26.79	26.75	100	9	1728	690	102	106
1391	1390.9	22.24	16.28	99	8	1693	680	102	106
1392	1391.9	50.93	17.43	100	6	1725	688	102	106
1393	1392.9	82.55	22.62	99	7	1731	687	102	106
1394	1393.9	56.59	21.43	100	9	1736	687	102	106
1395	1394.9	49.98	29.56	99	8	1746	687	102	106
1396	1395.9	32.15	27.9	99	8	1744	688	102	106
1397	1396.9	34.9	24.64	99	10	1742	687	102	106
1398	1397.9	43.45	26.41	99	9	1742	687	102	106
1399	1398.9	50.46	24.51	99	9	1756	687	102	106
1400	1399.9	47.31	17.31	98	10	1747	687	102	106
1401	1400.9	33.69	13.72	99	9	1756	688	102	106
1402	1401.9	19.86	12.27	100	6	1750	688	102	106
1403	1402.9	12.48	17.07	100	7	1743	689	102	106
1404	1403.9	72.75	20.91	100	8	1732	688	102	106
1405	1404.9	98.48	7.01	100	5	1731	688	102	106
1406	1405.9	75.77	14.38	100	6	1729	689	102	106
1407	1406.9	18.59	7.2	100	7	1716	688	102	106
1408	1407.9	49.05	10.24	100	7	1738	688	102	106
1409	1408.9	86.56	17.79	99	10	1732	687	102	106
1410	1409.9	75.24	15.6	89	9	1544	619	102	106
1411	1410.9	91.76	20.51	99	10	1716	683	102	106
1412	1411.9	98.68	16.58	90	8	1488	605	102	106
1413	1412.9	52.78	17.54	90	6	1495	605	102	106
1414	1413.9	13.98	17.89	100	6	1669	673	102	107
1415	1414.9	30.9	20.35	100	6	1674	673	102	107
1416	1415.9	20.72	29.14	100	8	1769	684	102	107
1417	1416.9	11.18	34.48	100	8	1781	683	102	107
1418	1417.9	10.35	31.56	100	9	1589	651	102	107
1419	1418.9	17.36	33.92	100	9	1769	687	102	107
1420	1419.9	39.24	37.81	100	10	1780	692	102	107
1421	1420.9	19.12	38.74	100	9	1760	692	102	107
1422	1421.9	32.51	37.69	100	8	1772	692	102	107
1423	1422.9	29.8	38.4	100	9	1756	692	102	107
1424	1423.9	18.85	36.47	100	9	1738	692	102	107
1425	1424.9	32.55	35.17	100	9	1734	692	102	107
1426	1425.9	38.89	39.09	100	9	1747	692	102	107
1427	1426.9	15.61	33.77	100	8	1756	692	102	107
1428	1427.9	16.03	32.5	100	7	1717	695	102	107
1429	1428.9	16.4	32.91	100	8	1721	708	102	107
1430	1429.9	15.61	32.1	100	7	1757	708	102	107
1431	1430.9	19.11	29.32	100	7	1770	709	102	107
1432	1431.9	15.52	30.97	100	7	1746	708	102	107
1433	1432.9	12.31	31.52	100	7	1728	709	102	107
1434	1433.9	17.71	28.24	100	8	1747	708	102	107
1435	1434.9	98.08	18.18	90	7	1650	630	102	107
1436	1435.9	130.5	26.89	101	7	1855	699	102	107
1437	1436.9	92.17	30.5	100	7	1839	699	102	108
1438	1437.9	33.14	32.74	101	7	1840	699	102	108
1439	1438.9	14.32	30.34	100	8	1784	699	102	108
1440	1439.9	13.44	34.14	101	9	1777	699	102	108
1441	1440.9	16.2	26.8	101	7	1787	697	102	108
1442	1441.9	49.82	12.17	101	4	1755	692	102	108
1443	1442.9	84.47	22.09	101	5	1767	692	102	108
1444	1443.9	74.5	28.45	90	6	1594	625	102	108
1445	1444.9	92.05	25.34	101	8	1832	699	102	108
1446	1445.9	94.63	27.56	100	8	1825	699	102	108
1447	1446.9	22.49	17.94	100	6	1818	700	102	108
1448	1447.9	47.77	18.7	100	6	1806	700	102	108
1449	1448.9	38.05	19.68	100	6	1815	699	102	108
1450	1449.9	24.11	21.77	100	6	1829	700	102	108
1451	1450.9	24.99	21.21	100	7	1828	700	102	108
1452	1451.9	30.87	24.42	100	7	1803	700	102	108
1453	1452.9	48.19	19.41	99	11	1827	699	102	108
1454	1453.9	32.69	14.52	80	8	1440	560	102	108
1455	1454.9	32.6	12.8	70	7	1268	489	102	108
1456	1455.9	42.76	18.15	90	8	1627	629	102	108
1457	1456.9	38.77	15.67	80	6	1460	560	102	108
1458	1457.9	35.5	20.44	90	6	1620	629	102	108
1459	1458.9	42.25	24.23	100	8	1820	700	102	108
1460	1459.9	24.07	22.26	100	6	1812	699	102	108
1461	1460.9	30.35	19.89	100	9	1791	699	102	108
1462	1461.9	33.56	20.63	100	8	1823	699	102	108
1463	1462.9	39.05	20.4	100	7	1822	700	102	108
1464	1463.9	16.07	18.27	100	7	1774	699	102	108
1465	1464.9	23.73	17.7	100	8	1702	700	102	108
1466	1465.9	14.59	22.35	100	7	1798	699	102	108
1467	1466.9	19.94	24.63	100	6	1794	699	102	108
1468	1467.9	17.39	25.88	100	7	1771	699	102	108
1469	1468.9	22.19	23.21	100	8	1781	699	102	108
1470	1469.9	24.89	26.08	100	8	1781	699	102	108
1471	1470.53	17.91	28.8	100	9	1785	699	102	108
1472	1471.69	16.53	6.48	101	7	1786	697	102	108
1473	1472.53	28.32	5.16	104	4	1747	692	102	108
1474	1473.52	28.71	9.93	103	5	1736	692	102	108
1475	1474.53	24.66	28.91	100	7	1714	691	102	108
1476	1475.53	22.01	32.48	100	8	1712	691	102	108
1477	1476.53	23.72	25.83	100	7	1724	691	102	108
1478	1477.53	30.71	19.5	100	9	1730	692	102	108
1479	1478.53	29.64	15.14	100	8	1731	691	102	108
1480	1479.53	26.42	21.05	100	7	1736	692	102	108
1481	1480.53	18	17.3	100	7	1730	692	102	108
1482	1481.53	15.78	18.74	100	7	1747	692	102	108
1483	1482.53	20.2	17.75	100	8	1753	691	102	108
1484	1483.53	20.71	17.82	100	8	1756	692	102	108
1485	1484.53	23.89	20.03	100	7	1753	692	102	108
1486	1485.53	20.08	24.59	100	8	1778	692	102	108
1487	1486.53	12.18	21.34	100	8	1775	692	103	108
1488	1487.53	10.93	18.75	100	8	1780	692	103	108
1489	1488.53	11.12	18.28	100	7	1775	692	103	108
1490	1489.53	16.84	20.14	100	7	1768	692	103	108
1491	1490.53	16.96	19.61	100	8	1764	692	103	108
1492	1491.53	13.78	19.87	100	8	1762	692	103	108
1493	1492.53	12.32	17.57	100	7	1762	692	103	108
1494	1493.53	11.15	19.46	100	7	1776	692	103	108
1495	1494.52	9.53	16.99	100	7	1765	692	103	108
1496	1495.53	21.84	13.6	100	7	1763	692	103	108
1497	1496.53	20.76	18.34	100	7	1765	692	103	108
1498	1497.53	22.68	12.93	100	7	1768	692	103	108
1499	1498.53	13.32	15.71	100	7	1761	692	103	108
1500	1499.53	16.8	16.98	100	6	1760	692	103	108
1501	1500.53	10.79	17.88	100	7	1776	692	103	108
1502	1501.53	9.76	11.68	100	4	1777	692	103	108
1503	1502.53	8	9.8	100	5	1789	692	103	108
1504	1503.53	7.5	9.9	100	6	1800	697	104	108
1505	1504.53	3.06	11.02	100	7	1810	697	104	108
1506	1505.53	10	26.38	100	8	1838	699	104	108
1507	1506.53	12.62	24.36	100	7	1832	699	104	108
1508	1507.53	12.88	18.82	100	6	1850	699	104	108
1509	1508.53	8.24	20.54	100	8	1835	699	104	108
1510	1509.53	32.28	18.39	100	8	1852	700	104	108
1511	1510.53	31.17	21.25	100	8	1837	700	104	108
1512	1511.53	29.32	23.14	100	8	1831	700	104	108
1513	1512.53	18.2	22.53	100	8	1833	699	104	108
1514	1513.53	24.86	20.25	100	8	1840	700	104	108
1515	1514.53	30.09	25.16	100	8	1853	699	104	108
1516	1515.53	14.94	24.74	100	7	1850	700	104	108
1517	1516.53	17.96	14.8	100	8	1845	699	104	108
1518	1517.53	29.6	15	100	8	1841	699	104	108
1519	1518.53	39.24	18.61	100	8	1848	699	104	108
1520	1519.53	40.93	15.7	100	7	1857	699	104	108
1521	1520.53	21.28	19.95	99	8	1854	699	104	108
1522	1521.44	24.84	23.46	100	7	1824	699	104	108
1523	1522.53	31.84	19.84	100	6	1819	699	104	108
1524	1523.52	18.18	19.45	99	7	1784	699	104	108
1525	1524.53	21.07	19.7	99	7	1796	700	104	108
1526	1525.53	15.26	15.99	99	7	1793	699	104	108
1527	1526.53	8.01	17.82	99	6	1796	699	104	108
1528	1527.53	11.8	20.52	99	6	1804	700	104	108
1529	1528.53	50.33	21.67	99	7	1789	701	104	108
1530	1529.53	17.2	11.54	99	7	1776	702	104	108
1531	1530.53	19.98	15.09	99	7	1812	702	104	108
1532	1531.53	13.02	17.92	99	7	1818	702	104	108
1533	1532.53	11.95	9.08	99	7	1818	702	104	108
1534	1533.53	26.51	12.36	99	7	1827	702	104	108
1535	1534.53	20.57	11.72	99	7	1828	702	104	108
1536	1535.53	16.18	15.31	99	7	1827	702	104	108
1537	1536.52	11.83	16.3	99	7	1826	702	104	108
1538	1537.53	10.95	14.97	99	7	1794	702	104	108
1539	1538.53	18.99	12.86	100	7	1787	702	104	108
1540	1539.53	21.71	13.58	99	8	1813	702	104	108
1541	1540.53	15.17	13.44	99	7	1816	702	104	108
1542	1541.53	22.31	16.33	99	7	1819	702	104	108
1543	1542.53	24.43	17.27	99	7	1814	702	104	108
1544	1543.53	12.98	16.89	99	7	1820	702	104	108
1545	1544.53	15.42	13.68	99	7	1847	702	104	108
1546	1545.53	25.55	12.82	99	7	1850	702	104	108
1547	1546.53	27.23	16.61	99	9	1847	702	104	108
1548	1547.53	27.7	15.54	99	8	1854	702	104	108
1549	1548.53	20.26	13.55	99	8	1835	702	104	108
1550	1549.53	25.1	13.55	99	8	1835	702	104	108
1551	1550.38	25.22	12.28	71	4	1533	679	104	108
1552	1551.55	49.68	17.02	99	4	1733	702	105	108
1553	1552.56	35.5	13.04	91	4	1501	721	105	108
1554	1553.53	28	4.15	72	3	979	788	105	108
1555	1554.53	20	3.56	72	3	951	788	105	108
1556	1555.53	15	7.31	72	3	886	787	105	108
1557	1556.53	10	2.14	75	3	717	423	105	108
1558	1557.53	8.36	6.71	74	3	721	423	105	108
1559	1558.52	8	20.06	67	3	649	380	105	108
1560	1559.53	8	32.41	75	4	720	423	105	109
1561	1560.53	10	1.09	75	4	720	423	105	109
1562	1561.53	11	2	75	4	720	423	105	109
1563	1562.53	12	5.33	75	4	722	423	105	109
1564	1563.53	13	5.4	74	4	728	423	105	109
1565	1564.53	14	1.23	75	4	730	423	105	109
1566	1565.53	10	1.82	75	4	730	423	105	109
1567	1566.47	8	1.77	75	4	738	423	105	109
1568	1566.81	7.2	1.86	75	4	740	423	105	109
1569	1568.53	6	2.77	75	4	671	423	105	109
1570	1569.49	8	2.53	72	3	1535	659	105	109
1571	1570.53	10	3.12	72	3	1760	719	105	109
1572	1571.53	11	6.95	71	3	1679	698	105	109
1573	1572.53	12	3.53	71	3	1560	668	105	109
1574	1573.53	13	7.61	71	3	1558	668	105	109
1575	1574.53	10	5.18	70	3	1645	673	105	109
1576	1575.53	7.02	5.18	60	4	2451	738	105	109
1577	1576.53	7.1	11.74	86	4	2672	737	105	109
1578	1577.53	18.1	11.81	97	6	2683	738	105	109
1579	1578.53	11.43	10.6	96	7	2688	737	105	109
1580	1579.53	19.49	9.64	96	7	2691	738	105	109
1581	1580.53	21	11.06	96	7	2275	739	105	109
1582	1581.53	15.21	12.34	96	6	2413	738	105	109
1583	1582.53	15.01	7.59	87	5	2424	664	105	109
1584	1583.75	15.86	3.5	67	4	3070	731	98	101
1585	1584.75	12.36	8.6	66	5	3060	731	98	102
1586	1585.75	14.54	7.4	65	6	3050	731	98	103
1587	1586.75	14.86	7	76	6	3050	731	99	103
1588	1587.75	11.9	7.1	76	6	3080	731	99	104
1589	1588.75	15.6	8.3	76	7	3100	731	99	104
1590	1589.75	12.31	8.1	76	8	3100	731	100	104
1591	1590.75	12.2	6.4	75	6	3040	731	100	105
1592	1591.75	14.2	4.5	76	5	3050	731	101	105
1593	1592.75	13.61	11	76	7	3040	731	101	106
1594	1593.75	15.4	10	76	5	3050	731	101	106
1595	1594.75	13.8	10.2	76	7	3040	731	102	107
1596	1595.75	16.4	9.8	76	7	3020	731	102	107
1597	1596.75	18.4	9	76	5	3010	731	102	108
1598	1597.75	17.6	6.5	77	4	3010	731	102	108
1599	1598.75	18.1	6.1	77	4	3010	731	103	109
1600	1599.75	17.45	3.2	68	3	3010	731	103	109
1601	1600.55	23.18	4.09	75	7	2297	695	100	107
1602	1601.55	25.64	7.49	74	8	2303	696	100	107
1603	1602.55	22.86	6.72	75	7	2305	697	100	107
1604	1603.55	25.23	11.1	74	8	2301	698	100	108
1605	1604.55	20.93	6.63	75	7	2300	699	100	108
1606	1605.55	13.8	8.01	75	6	2305	699	100	108
1607	1606.55	16.97	8.26	74	7	2302	699	100	108
1608	1607.55	20.2	9.37	75	6	2302	699	101	109
1609	1608.55	13.25	11.22	92	7	2306	701	101	109
1610	1609.55	11.58	8.84	97	6	2309	701	101	109
1611	1610.37	4.08	4.65	97	6	2301	702	101	109
1612	1611.35	9.6	5.71	97	6	2300	702	101	109
1613	1612.33	12.66	6	97	7	2493	728	101	109
1614	1613.31	18.36	8.76	96	7	2517	731	101	110
1615	1614.29	18.5	8.88	95	7	2514	731	101	110
1616	1615.27	19.37	11.88	95	7	2515	731	101	110
1617	1616.25	18.82	11.27	95	8	2517	731	102	110
1618	1617.23	16.04	8.68	95	7	2517	731	102	110
1619	1618.2	16.12	9.85	95	7	2513	730	102	110
1620	1619.18	19.43	7.82	95	8	2516	731	102	110
1621	1620.16	14.04	10.35	95	7	2505	730	102	111
1622	1621.14	8.35	11.14	95	7	2507	730	102	111
1623	1622.12	9.9	9.39	96	7	2496	731	102	111
1624	1623.1	14.49	9.73	95	7	2489	730	102	111
1625	1624.08	20.01	10.9	95	7	2436	719	102	111
1626	1625.06	21.61	9.13	94	7	2413	717	102	111
1627	1626.04	15.52	7.46	96	6	2430	724	102	112
1628	1627.02	13.84	7.36	96	6	2430	726	102	112
1629	1628	14.95	7.78	96	6	2430	726	102	112
1630	1628.97	13.9	8.46	96	6	2435	726	102	113
1631	1629.95	15.9	9.63	96	6	2429	726	102	113
1632	1630.93	25.65	13.06	96	6	2415	727	103	113
1633	1631.91	21.93	10.47	95	7	2418	727	103	113
1634	1632.89	31.08	13.18	95	7	2417	727	103	113
1635	1633.87	20.02	10.18	94	7	2417	727	103	114
1636	1634.85	17.88	11.24	95	7	2416	727	103	114
1637	1635.83	19.09	13.34	95	8	2421	727	103	114
1638	1636.81	23.67	10.43	94	7	2419	727	103	115
1639	1637.79	22.74	12.05	94	8	2416	728	103	115
1640	1638.77	22.44	12.91	94	8	2420	727	103	115
1641	1639.74	18.93	8.72	95	7	2419	727	103	115
1642	1640.72	21.77	11.16	95	7	2419	728	103	116
1643	1641.7	17.52	9.34	94	8	2411	728	103	116
1644	1642.68	28.28	3.86	95	7	2407	728	103	116
1645	1643.66	28.9	8.91	95	7	2405	728	103	116
1646	1644.64	31.24	9.36	95	8	2404	728	103	117
1647	1645.62	26.41	7.91	95	7	2407	728	103	117
1648	1646.6	25.72	4.97	94	7	2412	728	104	117
1649	1647.58	22.93	9.54	95	7	2409	728	104	117
1650	1648.56	19.94	6.27	95	7	2414	728	104	117
1651	1649.53	22.84	7.28	94	8	2405	728	104	118
1652	1650.51	23.47	9.14	95	6	2406	728	104	118
1653	1651.49	19.15	7.92	95	6	2390	724	104	118
1654	1652.47	23.2	8.36	95	7	2360	719	104	118
1655	1653.45	14.98	6.08	95	7	2363	719	104	118
1656	1654.43	18.16	1.24	95	7	2392	720	104	118
1657	1655.41	35.64	2.42	86	5	2175	648	104	118
1658	1656.39	40.4	5.52	94	8	2407	721	104	118
1659	1657.37	29.25	5.08	85	7	2164	648	104	118
1660	1658.35	19.71	9.37	75	6	1924	576	104	118
1661	1659.32	14.85	10.43	95	7	2412	721	104	118
1662	1660.3	19.92	10.41	84	7	2168	648	104	118
1663	1661.28	27.95	11.62	94	8	2411	721	104	118
1664	1662.26	27.61	13.38	93	9	2416	721	104	118
1665	1663.24	28.51	13.75	94	8	2419	721	104	118
1666	1664.22	30.03	10.7	93	9	2419	721	104	118
1667	1665.2	22.79	11.9	94	8	2424	721	104	118
1668	1666.18	24.36	10.56	94	7	2427	721	104	118
1669	1667.16	25	14.23	94	8	2431	721	104	118
1670	1668.14	22.19	10.9	94	8	2424	721	104	118
1671	1669.12	20.09	10.25	95	7	2418	721	104	118
1672	1670.09	21.23	11.2	95	7	2423	721	104	118
1673	1671.07	16.99	9.28	95	7	2420	721	105	118
1674	1672.05	18.57	9.43	95	8	2453	725	105	118
1675	1673.03	21.33	6.26	95	9	2468	728	105	118
1676	1674.01	21.83	8.32	94	9	2457	728	105	118
1677	1674.99	20.53	7.36	95	8	2459	728	105	118
1678	1675.97	18.67	4.48	95	7	2474	729	105	118
1679	1676.95	10.63	3.94	96	7	2466	728	105	118
1680	1677.93	16.41	6.37	95	8	2452	728	105	118
1681	1678.91	16.51	6.68	95	9	2454	728	105	122
1682	1679.89	25.96	6.24	95	8	2459	728	105	122
1683	1680.86	20.34	6.92	94	9	2460	728	105	122
1684	1681.84	16.96	5.46	95	8	2464	729	105	122
1685	1682.82	19.68	7.36	95	8	2472	730	105	122
1686	1683.8	20.33	5.82	94	9	2457	728	105	122
1687	1684.78	27.94	3.86	93	9	2447	728	105	122
1688	1685.76	31.24	3.49	93	9	2451	728	105	122
1689	1686.74	30.26	5.56	93	9	2455	728	105	122
1690	1687.72	25.17	7.97	93	9	2456	728	105	122
1691	1688.7	28.78	10.02	94	9	2456	728	105	122
1692	1689.68	23.37	8.95	94	9	2459	728	105	122
1693	1690.65	20.95	8.28	94	8	2461	728	105	122
1694	1691.63	16.22	7.59	95	7	2465	728	105	122
1695	1692.61	21.41	10.57	94	8	2475	728	106	122
1696	1693.59	21.41	8.97	94	8	2477	729	106	122
1697	1694.57	27.68	8.89	93	9	2484	728	106	122
1698	1695.55	29.88	7.22	93	9	2478	728	106	122
1699	1696.53	4.64	1.22	97	5	2470	728	106	122
1700	1697.51	34.21	1.55	97	5	2470	728	106	122
1701	1698.49	42.6	2.24	96	6	2462	728	106	122
1702	1699.47	24.12	4.02	92	9	2489	737	106	122
1703	1700.44	26.08	6.47	91	9	2496	740	106	122
1704	1701.42	28.79	6.65	93	10	2493	740	106	122
1705	1702.4	31.89	6.07	103	10	2473	739	106	122
1706	1703.38	35.56	7.17	102	10	2478	739	106	122
1707	1704.36	31.42	8.01	102	11	2477	739	106	122
1708	1705.34	38.94	6.97	102	10	2483	739	106	122
1709	1706.32	49.98	7.2	102	11	2490	739	106	122
1710	1707.3	30.36	6.18	103	10	2488	740	106	122
1711	1708.28	30.13	2.94	102	9	2502	739	106	122
1712	1709.26	15.03	3.4	102	8	2498	739	106	122
1713	1710.24	24.66	3.44	102	8	2503	739	106	122
1714	1711.21	20.55	5.76	102	8	2498	739	106	122
1715	1712.19	20.56	4.28	102	8	2493	739	106	122
1716	1713.17	35.55	4.36	102	9	2495	738	106	122
1717	1714.15	24.95	5.19	102	9	2495	738	106	122
1718	1715.13	26.95	5.63	102	9	2504	738	106	122
1719	1716.11	20.96	3.91	102	9	2497	738	106	122
1720	1717.09	20.96	3.91	102	9	2497	738	106	122
1721	1718.07	24.38	5.86	102	9	2496	738	106	123
1722	1719.05	21.59	4.48	102	9	2500	738	106	123
1723	1720.03	20.55	4.62	102	9	2499	738	106	123
1724	1721	21.79	5.3	102	9	2509	738	106	123
1725	1721.98	23.97	5.39	102	9	2487	738	106	123
1726	1722.96	15.76	2.63	102	8	2481	738	106	123
1727	1723.94	21.92	2.36	102	1	2457	728	106	123
1728	1724.92	20.76	3.45	102	1	2488	729	106	123
1729	1725.9	26.62	3.25	102	3	2488	730	106	123
1730	1726.88	6.75	3.44	51	4	1225	367	106	123
1731	1727.86	47.58	5.39	102	11	2459	735	106	123
1732	1728.84	29.45	5.17	102	9	2454	735	106	123
1733	1729.82	36.56	4.86	102	10	2456	735	106	123
1734	1730.8	32.24	6.39	102	9	2461	735	106	123
1735	1731.77	25.85	4.17	102	8	2467	735	106	123
1736	1732.75	18.81	8.14	102	9	2465	735	106	124
1737	1733.73	24.86	6.3	102	9	2470	735	106	124
1738	1734.71	24.53	4.93	102	10	2468	735	106	124
1739	1735.69	28.01	5.39	102	9	2472	735	106	124
1740	1736.67	54.23	2.11	102	8	2433	731	106	124
1741	1737.65	32.69	4.09	102	9	2458	734	106	124
1742	1738.63	35.6	4.68	102	9	2455	735	106	124
1743	1739.61	27.47	4.68	102	9	2443	735	106	124
1744	1740.59	28.92	5.87	102	9	2446	735	106	124
1745	1741.56	28.72	4.62	102	9	2448	736	106	124
1746	1742.54	37.3	6.03	101	10	2450	735	106	124
1747	1743.52	35.21	6.01	101	10	2448	735	106	124
1748	1744.5	31.39	6.71	101	9	2440	735	106	124
1749	1745.48	28.99	7.22	101	10	2445	735	106	124
1750	1746.46	30.63	3.34	101	9	2448	735	106	124
1751	1747.44	25.01	5.4	101	9	2453	735	106	124
1752	1748.42	32.79	5.9	101	10	2455	735	106	124
1753	1749.4	30.57	5.13	101	10	2465	735	106	124
1754	1750.38	27.91	6.19	101	9	2464	735	106	124
1755	1751.36	27.72	5.3	101	9	2470	735	106	124
1756	1752.33	30.27	5.17	101	10	2468	735	106	124
1757	1753.31	17.74	4.7	101	8	2470	735	106	124
1758	1754.29	30.94	5.24	101	9	2421	711	106	125
1759	1755.27	28.18	3.62	102	8	2430	718	106	125
1760	1756.25	33.36	4.3	101	9	2449	728	106	125
1761	1757.23	30.37	3.03	101	9	2454	728	106	125
1762	1758.21	22.42	2.67	101	8	2457	728	106	125
1763	1759.19	28.08	7.25	101	8	2461	728	106	125
1764	1760.17	20.13	5.14	101	8	2459	728	106	125
1765	1761.15	31.18	6.56	101	8	2457	728	106	125
1766	1762.12	33.64	5.66	101	9	2456	728	106	125
1767	1763.1	31.92	3.3	101	8	2464	728	106	125
1768	1764.08	26.76	6.82	101	8	2465	728	106	125
1769	1765.06	11.25	5.05	101	7	2465	728	106	125
1770	1766.04	26.65	7.6	102	8	2459	728	106	125
1771	1767.02	30.21	5.89	102	8	2482	729	106	125
1772	1768	22.93	6.37	102	7	2502	730	106	126
1773	1768.98	22.33	7.5	102	8	2500	730	106	126
1774	1769.96	18.91	8.27	102	8	2505	730	106	126
1775	1770.94	10.26	4.68	102	7	2502	730	106	126
1776	1771.92	14.66	6.26	102	8	2511	730	106	126
1777	1772.89	23.55	5.88	102	8	2511	730	106	126
1778	1773.87	53.36	6.43	102	9	2501	729	106	126
1779	1774.85	34.94	5.94	102	8	2492	728	106	126
1780	1775.83	45.3	8.56	102	8	2490	728	106	126
1781	1776.81	19.69	10.58	102	8	2485	728	106	126
1782	1777.79	21.35	2.1	102	8	2490	728	106	126
1783	1778.77	13.34	4.13	102	8	2487	728	106	126
1784	1779.75	19.15	3.07	102	8	2482	724	106	126
1785	1780.73	36.8	6.1	92	10	2196	646	106	126
1786	1781.71	49.8	9.34	103	12	2426	719	106	127
1787	1782.68	44.38	8.35	103	10	2420	719	106	127
1788	1783.66	33.75	6.07	102	10	2421	719	106	127
1789	1784.64	16.11	3.7	102	8	2426	719	106	127
1790	1785.62	22.12	5.72	102	9	2437	719	106	127
1791	1786.6	17.68	3.07	102	8	2427	719	106	127
1792	1787.58	22.75	4.66	102	9	2425	719	106	127
1793	1788.56	36.89	5.38	102	9	2428	718	106	127
1794	1789.54	36.59	7.38	102	9	2426	719	106	127
1795	1790.52	35.21	6.74	102	10	2432	719	106	127
1796	1791.5	24.08	6.43	102	9	2439	719	106	127
1797	1792.47	15.13	5.37	102	9	2440	719	106	127
1798	1793.45	30.89	6.45	102	10	2441	719	106	127
1799	1794.43	34.6	8.68	102	11	2441	719	106	127
1800	1795.41	30.34	6.8	102	10	2439	719	106	127
1801	1796.39	37.38	8.41	102	10	2438	719	106	128
1802	1797.37	23.59	7.43	102	9	2432	718	106	128
1803	1798.35	34.27	7.95	102	9	2435	719	106	128
1804	1799.37	40.21	4.05	102	9	2435	719	106	128
1805	1800.74	25.37	8.77	102	9	2437	718	106	128
1806	1801.71	43.77	8.19	102	10	2440	719	106	128
1807	1802.68	28.13	7.16	102	9	2446	718	106	128
1808	1803.65	24.11	5.52	102	9	2442	719	106	128
1809	1804.62	24.46	6.14	102	9	2447	719	106	128
1810	1805.59	17.22	7.68	102	9	2453	719	106	128
1811	1806.56	15.66	7.71	102	9	2449	719	106	128
1812	1807.56	4.31	1.93	100	8	2400	287	106	128
1813	1808.56	6.89	0.8	100	8	2400	287	106	128
1814	1809.56	2.35	0.9	100	8	2405	363	106	128
1815	1810.56	17.62	2.05	100	9	2405	363	106	128
1816	1811.4	27.78	6.72	102	10	2529	727	106	128
1817	1812.36	21.29	6.11	102	10	2528	727	106	128
1818	1813.34	59.47	3.6	102	8	2514	726	106	128
1819	1814.24	24.51	5.07	102	10	2504	727	106	128
1820	1813.53	24.02	5.19	102	10	2503	726	106	128
1821	1814.34	39.88	5.9	102	10	2503	727	106	128
1822	1815.27	20.24	6.13	102	9	2505	727	106	128
1823	1816.2	22.29	6.56	102	9	2505	727	106	129
1824	1817.14	38.78	6.95	102	10	2508	727	106	129
1825	1818.07	28.86	6.63	102	10	2507	728	106	129
1826	1819	24.09	4.94	102	10	2513	728	106	129
1827	1819.93	26.42	5.22	101	9	2518	727	106	129
1828	1820.86	23.74	5.95	101	10	2512	727	106	129
1829	1821.79	34.2	4.74	101	10	2518	727	106	129
1830	1822.72	31.04	4.75	102	10	2517	727	106	129
1831	1823.65	24.74	4.64	101	10	2519	727	106	129
1832	1824.59	30.6	5.81	101	10	2518	727	106	129
1833	1825.52	24.71	6.27	101	10	2520	727	106	129
1834	1826.45	47.89	6.98	101	11	2519	727	106	129
1835	1827.38	43.44	6.55	101	11	2521	727	106	129
1836	1828.31	26.22	4.39	101	10	2522	727	106	129
1837	1829.24	26.9	5.27	101	10	2516	726	106	129
1838	1830.17	25.59	5.08	101	10	2515	727	106	129
1839	1831.1	21.1	5.13	101	10	2512	727	106	129
1840	1832.03	19.05	6.43	101	10	2513	727	106	129
1841	1832.88	19.15	4.82	101	10	2515	727	106	130
1842	1833.79	17.48	5.97	101	10	2508	727	106	130
1843	1834.7	14.96	4.2	101	10	2511	727	106	130
1844	1835.61	14.32	5.75	90	8	2260	654	106	130
1845	1836.51	16.9	6.29	80	7	2027	581	106	130
1846	1837.42	19	4.5	101	9	2573	728	106	130
1847	1838.33	26.22	8.43	101	10	2573	728	106	130
1848	1839.24	30.75	9.93	101	10	2575	728	106	130
1849	1840.14	25.43	8.08	101	10	2577	729	106	130
1850	1841.05	21.49	7.78	101	9	2578	729	106	130
1851	1841.96	18.83	8.14	101	10	2572	728	106	130
1852	1842.87	21.44	7.92	101	10	2576	728	106	130
1853	1843.78	28.75	10.8	101	12	2576	794	106	130
1854	1844.68	27.59	8.8	101	13	2578	728	106	130
1855	1845.59	26.18	10.04	101	12	2580	728	106	130
1856	1846.5	22.3	8.91	101	11	2577	728	106	130
1857	1847.41	22.03	8.2	101	12	2574	728	106	130
1858	1848.32	18.7	7.65	101	10	2577	728	106	130
1859	1849.22	24.55	8.77	101	11	2580	728	106	130
1860	1850.13	21.46	7.77	101	11	2586	728	106	130
1861	1851.1	17.22	9.24	101	11	2580	728	106	130
1862	1852.51	18.28	8.85	101	10	2587	728	106	130
1863	1853.45	23.9	7.73	101	11	2590	728	106	130
1864	1854.38	22.56	8.82	101	11	2590	728	106	131
1865	1855.31	22.29	10.28	101	11	2593	728	106	131
1866	1856.25	22.07	7.78	101	11	2593	728	106	131
1867	1857.18	17.92	8.73	101	11	2597	728	106	131
1868	1858.11	20.79	9.57	101	11	2590	728	106	131
1869	1859.04	19.62	8.79	101	10	2583	728	106	131
1870	1859.97	17.81	10.46	101	11	2582	728	106	131
1871	1860.9	17.86	7.47	101	10	2584	728	106	131
1872	1861.83	18.11	8.74	101	10	2580	728	106	131
1873	1862.76	26.62	6.58	101	11	2578	735	106	131
1874	1863.69	28.53	6.43	101	11	2579	735	106	131
1875	1864.63	25.42	7.15	101	10	2588	735	106	131
1876	1865.56	32.97	8.56	101	11	2585	735	106	131
1877	1866.49	28.71	9.53	101	11	2586	735	106	131
1878	1867.42	31.74	8.41	101	11	2594	735	106	131
1879	1868.35	24.09	6.95	101	10	2595	735	106	131
1880	1869.28	24.04	7.35	101	10	2584	735	106	131
